Process,Time,S,I,R
0,0,0.238275,0.203868,0.557857
0,0.2,0.234952,0.203121,0.561927
0,0.4,0.231713,0.202306,0.565982
0,0.6,0.228556,0.201425,0.570019
0,0.8,0.225479,0.200483,0.574038
0,1,0.222479,0.199483,0.578038
0,1.2,0.219556,0.198427,0.582017
0,1.4,0.216706,0.19732,0.585974
0,1.6,0.213927,0.196163,0.589909
0,1.8,0.211219,0.194961,0.593821
0,2,0.208578,0.193715,0.597707
0,2.2,0.206003,0.192428,0.601569
0,2.4,0.203493,0.191102,0.605404
0,2.6,0.201046,0.189741,0.609213
0,2.8,0.19866,0.188346,0.612994
0,3,0.196334,0.18692,0.616746
0,3.2,0.194065,0.185465,0.62047
0,3.4,0.191853,0.183982,0.624165
0,3.6,0.189696,0.182474,0.627829
0,3.8,0.187593,0.180943,0.631463
0,4,0.185542,0.179391,0.635067
0,4.2,0.183542,0.177819,0.638639
0,4.4,0.181591,0.17623,0.642179
0,4.6,0.179688,0.174624,0.645688
0,4.8,0.177833,0.173003,0.649164
0,5,0.176022,0.17137,0.652608
0,5.2,0.174257,0.169725,0.656019
0,5.4,0.172534,0.168069,0.659397
0,5.6,0.170854,0.166405,0.662741
0,5.8,0.169214,0.164733,0.666053
0,6,0.167614,0.163055,0.669331
0,6.2,0.166053,0.161372,0.672575
0,6.4,0.164529,0.159685,0.675785
0,6.6,0.163042,0.157995,0.678962
0,6.8,0.161591,0.156304,0.682105
0,7,0.160174,0.154611,0.685214
0,7.2,0.158791,0.152919,0.68829
0,7.4,0.157441,0.151228,0.691331
0,7.6,0.156122,0.149539,0.694339
0,7.8,0.154835,0.147853,0.697313
0,8,0.153577,0.14617,0.700253
0,8.2,0.152349,0.144492,0.703159
0,8.4,0.151149,0.142818,0.706032
0,8.6,0.149977,0.141151,0.708872
0,8.8,0.148832,0.13949,0.711679
0,9,0.147713,0.137836,0.714452
0,9.2,0.146619,0.136189,0.717192
0,9.4,0.14555,0.134551,0.719899
0,9.6,0.144505,0.132921,0.722574
0,9.8,0.143483,0.1313,0.725216
0,10,0.142485,0.129689,0.727826
0,10.2,0.141508,0.128088,0.730404
0,10.4,0.140553,0.126498,0.73295
0,10.6,0.139619,0.124918,0.735464
0,10.8,0.138705,0.123349,0.737946
0,11,0.137811,0.121792,0.740398
0,11.2,0.136936,0.120246,0.742818
0,11.4,0.13608,0.118713,0.745208
0,11.6,0.135242,0.117192,0.747567
0,11.8,0.134422,0.115683,0.749895
0,12,0.133619,0.114187,0.752194
0,12.2,0.132833,0.112705,0.754463
0,12.4,0.132063,0.111235,0.756702
0,12.6,0.131309,0.109779,0.758912
0,12.8,0.130571,0.108336,0.761093
0,13,0.129848,0.106906,0.763246
0,13.2,0.129139,0.105491,0.76537
0,13.4,0.128445,0.104089,0.767466
0,13.6,0.127765,0.102702,0.769533
0,13.8,0.127098,0.101328,0.771574
0,14,0.126445,0.0999683,0.773587
0,14.2,0.125805,0.0986228,0.775572
0,14.4,0.125177,0.0972915,0.777532
0,14.6,0.124561,0.0959744,0.779464
0,14.8,0.123958,0.0946716,0.781371
0,15,0.123366,0.093383,0.783251
0,15.2,0.122785,0.0921087,0.785106
0,15.4,0.122216,0.0908487,0.786936
0,15.6,0.121657,0.0896029,0.78874
0,15.8,0.121109,0.0883713,0.79052
0,16,0.120571,0.0871539,0.792275
0,16.2,0.120043,0.0859507,0.794006
0,16.4,0.119525,0.0847616,0.795713
0,16.6,0.119017,0.0835865,0.797396
0,16.8,0.118518,0.0824255,0.799057
0,17,0.118028,0.0812785,0.800694
0,17.2,0.117547,0.0801454,0.802308
0,17.4,0.117074,0.0790261,0.803899
0,17.6,0.116611,0.0779205,0.805469
0,17.8,0.116155,0.0768286,0.807016
0,18,0.115708,0.0757504,0.808542
0,18.2,0.115268,0.0746856,0.810046
0,18.4,0.114836,0.0736342,0.81153
0,18.6,0.114412,0.0725962,0.812992
0,18.8,0.113995,0.0715715,0.814434
0,19,0.113585,0.0705598,0.815855
0,19.2,0.113183,0.0695612,0.817256
0,19.4,0.112787,0.0685755,0.818637
0,19.6,0.112398,0.0676027,0.819999
0,19.8,0.112016,0.0666425,0.821341
1,0,0.19681,0.373252,0.429939
1,0.2,0.189961,0.372641,0.437398
1,0.4,0.18347,0.371688,0.444842
1,0.6,0.177315,0.370422,0.452263
1,0.8,0.171472,0.368871,0.459657
1,1,0.165923,0.367061,0.467016
1,1.2,0.160648,0.365015,0.474337
1,1.4,0.155631,0.362754,0.481615
1,1.6,0.150856,0.360298,0.488846
1,1.8,0.146308,0.357666,0.496026
1,2,0.141974,0.354875,0.503151
1,2.2,0.137842,0.351939,0.510219
1,2.4,0.1339,0.348873,0.517228
1,2.6,0.130136,0.34569,0.524173
1,2.8,0.126542,0.342404,0.531054
1,3,0.123108,0.339024,0.537869
1,3.2,0.119824,0.335561,0.544615
1,3.4,0.116683,0.332026,0.55129
1,3.6,0.113678,0.328427,0.557895
1,3.8,0.1108,0.324773,0.564427
1,4,0.108044,0.321071,0.570885
1,4.2,0.105403,0.317328,0.577269
1,4.4,0.102871,0.313551,0.583578
1,4.6,0.100443,0.309746,0.589811
1,4.8,0.0981135,0.305919,0.595968
1,5,0.0958776,0.302075,0.602048
1,5.2,0.0937307,0.298219,0.608051
1,5.4,0.0916686,0.294355,0.613976
1,5.6,0.0896871,0.290488,0.619825
1,5.8,0.0877824,0.286622,0.625596
1,6,0.0859509,0.28276,0.631289
1,6.2,0.0841891,0.278905,0.636906
1,6.4,0.0824939,0.27506,0.642446
1,6.6,0.0808622,0.271229,0.647908
1,6.8,0.079291,0.267414,0.653295
1,7,0.0777776,0.263617,0.658605
1,7.2,0.0763195,0.259841,0.66384
1,7.4,0.0749142,0.256087,0.668999
1,7.6,0.0735594,0.252357,0.674083
1,7.8,0.0722528,0.248654,0.679093
1,8,0.0709924,0.244978,0.684029
1,8.2,0.0697762,0.241331,0.688892
1,8.4,0.0686023,0.237715,0.693683
1,8.6,0.0674689,0.23413,0.698401
1,8.8,0.0663743,0.230578,0.703048
1,9,0.0653169,0.227059,0.707624
1,9.2,0.0642952,0.223574,0.712131
1,9.4,0.0633077,0.220125,0.716568
1,9.6,0.062353,0.216711,0.720936
1,9.8,0.0614297,0.213334,0.725236
1,10,0.0605367,0.209994,0.729469
1,10.2,0.0596728,0.206691,0.733636
1,10.4,0.0588366,0.203426,0.737737
1,10.6,0.0580273,0.200199,0.741773
1,10.8,0.0572437,0.197011,0.745745
1,11,0.0564849,0.193861,0.749654
1,11.2,0.0557499,0.19075,0.7535
1,11.4,0.0550377,0.187678,0.757284
1,11.6,0.0543476,0.184645,0.761007
1,11.8,0.0536787,0.181651,0.76467
1,12,0.0530302,0.178696,0.768274
1,12.2,0.0524013,0.17578,0.771818
1,12.4,0.0517914,0.172903,0.775305
1,12.6,0.0511998,0.170066,0.778735
1,12.8,0.0506257,0.167266,0.782108
1,13,0.0500686,0.164506,0.785426
1,13.2,0.0495278,0.161784,0.788688
1,13.4,0.0490028,0.1591,0.791897
1,13.6,0.048493,0.156454,0.795053
1,13.8,0.0479979,0.153846,0.798156
1,14,0.047517,0.151276,0.801207
1,14.2,0.0470498,0.148743,0.804207
1,14.4,0.0465958,0.146248,0.807157
1,14.6,0.0461545,0.143789,0.810057
1,14.8,0.0457256,0.141366,0.812908
1,15,0.0453086,0.13898,0.815712
1,15.2,0.0449031,0.136629,0.818468
1,15.4,0.0445088,0.134314,0.821177
1,15.6,0.0441252,0.132034,0.823841
1,15.8,0.0437521,0.129789,0.826459
1,16,0.043389,0.127579,0.829032
1,16.2,0.0430357,0.125402,0.831562
1,16.4,0.0426919,0.123259,0.834049
1,16.6,0.0423571,0.12115,0.836493
1,16.8,0.0420313,0.119074,0.838895
1,17,0.041714,0.11703,0.841256
1,17.2,0.041405,0.115019,0.843576
1,17.4,0.0411041,0.113039,0.845857
1,17.6,0.040811,0.111091,0.848098
1,17.8,0.0405254,0.109174,0.850301
1,18,0.0402472,0.107288,0.852465
1,18.2,0.0399761,0.105432,0.854592
1,18.4,0.0397118,0.103606,0.856683
1,18.6,0.0394543,0.101809,0.858737
1,18.8,0.0392032,0.100042,0.860755
1,19,0.0389584,0.098303,0.862739
1,19.2,0.0387198,0.0965928,0.864687
1,19.4,0.0384871,0.0949105,0.866602
1,19.6,0.0382601,0.0932559,0.868484
1,19.8,0.0380387,0.0916285,0.870333
