Process,Time,S,I,R
0,0,0.309168,0.225556,0.465276
0,0.1,0.307243,0.225227,0.46753
0,0.2,0.305334,0.224885,0.469781
0,0.3,0.30344,0.224532,0.472028
0,0.4,0.301562,0.224167,0.474272
0,0.5,0.299699,0.22379,0.476511
0,0.6,0.297851,0.223401,0.478747
0,0.7,0.29602,0.223001,0.480979
0,0.8,0.294203,0.22259,0.483207
0,0.9,0.292402,0.222167,0.485431
0,1,0.290617,0.221732,0.487651
0,1.1,0.288847,0.221287,0.489866
0,1.2,0.287093,0.220831,0.492076
0,1.3,0.285355,0.220363,0.494282
0,1.4,0.283631,0.219885,0.496484
0,1.5,0.281924,0.219396,0.49868
0,1.6,0.280232,0.218897,0.500871
0,1.7,0.278555,0.218387,0.503058
0,1.8,0.276894,0.217867,0.505239
0,1.9,0.275248,0.217337,0.507415
0,2,0.273617,0.216797,0.509586
0,2.1,0.272002,0.216247,0.511751
0,2.2,0.270402,0.215688,0.513911
0,2.3,0.268817,0.215119,0.516065
0,2.4,0.267247,0.21454,0.518213
0,2.5,0.265692,0.213952,0.520356
0,2.6,0.264152,0.213356,0.522492
0,2.7,0.262627,0.21275,0.524623
0,2.8,0.261117,0.212136,0.526747
0,2.9,0.259622,0.211513,0.528865
0,3,0.258141,0.210881,0.530977
0,3.1,0.256675,0.210242,0.533083
0,3.2,0.255224,0.209594,0.535182
0,3.3,0.253787,0.208939,0.537275
0,3.4,0.252364,0.208275,0.539361
0,3.5,0.250955,0.207605,0.54144
0,3.6,0.249561,0.206926,0.543513
0,3.7,0.24818,0.206241,0.545579
0,3.8,0.246814,0.205549,0.547638
0,3.9,0.245461,0.204849,0.54969
0,4,0.244122,0.204143,0.551735
0,4.1,0.242796,0.203431,0.553773
0,4.2,0.241484,0.202712,0.555803
0,4.3,0.240186,0.201987,0.557827
0,4.4,0.238901,0.201256,0.559843
0,4.5,0.237628,0.20052,0.561852
0,4.6,0.236369,0.199777,0.563853
0,4.7,0.235123,0.19903,0.565847
0,4.8,0.23389,0.198276,0.567834
0,4.9,0.232669,0.197518,0.569813
0,5,0.231461,0.196755,0.571784
0,5.1,0.230265,0.195987,0.573748
0,5.2,0.229082,0.195214,0.575704
0,5.3,0.227911,0.194437,0.577652
0,5.4,0.226751,0.193656,0.579593
0,5.5,0.225604,0.19287,0.581525
0,5.6,0.224469,0.192081,0.58345
0,5.7,0.223345,0.191288,0.585367
0,5.8,0.222233,0.190491,0.587276
0,5.9,0.221133,0.18969,0.589177
0,6,0.220044,0.188887,0.59107
0,6.1,0.218966,0.18808,0.592954
0,6.2,0.217899,0.18727,0.594831
0,6.3,0.216843,0.186457,0.5967
0,6.4,0.215798,0.185641,0.59856
0,6.5,0.214764,0.184823,0.600413
0,6.6,0.21374,0.184003,0.602257
0,6.7,0.212727,0.18318,0.604093
0,6.8,0.211725,0.182355,0.60592
0,6.9,0.210732,0.181528,0.60774
0,7,0.20975,0.180699,0.609551
0,7.1,0.208778,0.179869,0.611354
0,7.2,0.207815,0.179036,0.613148
0,7.3,0.206863,0.178203,0.614934
0,7.4,0.20592,0.177368,0.616712
0,7.5,0.204987,0.176532,0.618482
0,7.6,0.204063,0.175694,0.620243
0,7.7,0.203148,0.174856,0.621996
0,7.8,0.202243,0.174017,0.62374
0,7.9,0.201347,0.173177,0.625476
0,8,0.20046,0.172337,0.627204
0,8.1,0.199581,0.171496,0.628923
0,8.2,0.198712,0.170654,0.630634
0,8.3,0.197851,0.169813,0.632336
0,8.4,0.196999,0.168971,0.63403
0,8.5,0.196155,0.168129,0.635715
0,8.6,0.19532,0.167288,0.637392
0,8.7,0.194493,0.166446,0.639061
0,8.8,0.193674,0.165605,0.640721
0,8.9,0.192863,0.164764,0.642373
0,9,0.19206,0.163923,0.644017
0,9.1,0.191265,0.163083,0.645652
0,9.2,0.190478,0.162244,0.647278
0,9.3,0.189698,0.161406,0.648896
0,9.4,0.188926,0.160568,0.650506
0,9.5,0.188161,0.159731,0.652108
0,9.6,0.187404,0.158895,0.653701
0,9.7,0.186654,0.15806,0.655286
0,9.8,0.185911,0.157226,0.656862
0,9.9,0.185176,0.156394,0.65843
0,10,0.184447,0.155563,0.65999
0,10.1,0.183725,0.154733,0.661541
0,10.2,0.183011,0.153905,0.663085
0,10.3,0.182302,0.153078,0.66462
0,10.4,0.181601,0.152253,0.666146
0,10.5,0.180906,0.151429,0.667665
0,10.6,0.180218,0.150607,0.669175
0,10.7,0.179536,0.149787,0.670677
0,10.8,0.17886,0.148969,0.672171
0,10.9,0.178191,0.148153,0.673656
0,11,0.177528,0.147339,0.675134
0,11.1,0.176871,0.146526,0.676603
0,11.2,0.17622,0.145716,0.678064
0,11.3,0.175575,0.144908,0.679517
0,11.4,0.174935,0.144102,0.680962
0,11.5,0.174302,0.143299,0.682399
0,11.6,0.173674,0.142497,0.683828
0,11.7,0.173052,0.141699,0.685249
0,11.8,0.172436,0.140902,0.686662
0,11.9,0.171825,0.140108,0.688067
0,12,0.171219,0.139316,0.689464
0,12.1,0.170619,0.138527,0.690854
0,12.2,0.170025,0.13774,0.692235
0,12.3,0.169435,0.136956,0.693608
0,12.4,0.168851,0.136175,0.694974
0,12.5,0.168272,0.135396,0.696332
0,12.6,0.167698,0.13462,0.697682
0,12.7,0.167128,0.133847,0.699024
0,12.8,0.166564,0.133077,0.700359
0,12.9,0.166005,0.132309,0.701686
0,13,0.16545,0.131544,0.703005
0,13.1,0.164901,0.130782,0.704317
0,13.2,0.164356,0.130023,0.705621
0,13.3,0.163815,0.129267,0.706917
0,13.4,0.16328,0.128514,0.708206
0,13.5,0.162748,0.127764,0.709488
0,13.6,0.162222,0.127017,0.710761
0,13.7,0.161699,0.126273,0.712028
0,13.8,0.161181,0.125532,0.713287
0,13.9,0.160668,0.124794,0.714539
0,14,0.160158,0.124059,0.715783
0,14.1,0.159653,0.123327,0.71702
0,14.2,0.159152,0.122598,0.718249
0,14.3,0.158655,0.121873,0.719472
0,14.4,0.158163,0.121151,0.720687
0,14.5,0.157674,0.120431,0.721895
0,14.6,0.157189,0.119715,0.723095
0,14.7,0.156708,0.119003,0.724289
0,14.8,0.156231,0.118293,0.725476
0,14.9,0.155758,0.117587,0.726655
0,15,0.155289,0.116884,0.727827
0,15.1,0.154824,0.116184,0.728993
0,15.2,0.154362,0.115487,0.730151
0,15.3,0.153904,0.114794,0.731302
0,15.4,0.153449,0.114104,0.732447
0,15.5,0.152998,0.113417,0.733584
0,15.6,0.152551,0.112734,0.734715
0,15.7,0.152107,0.112054,0.735839
0,15.8,0.151667,0.111377,0.736956
0,15.9,0.15123,0.110703,0.738067
0,16,0.150797,0.110033,0.73917
0,16.1,0.150367,0.109366,0.740267
0,16.2,0.14994,0.108703,0.741358
0,16.3,0.149516,0.108042,0.742441
0,16.4,0.149096,0.107386,0.743519
0,16.5,0.148679,0.106732,0.744589
0,16.6,0.148265,0.106082,0.745653
0,16.7,0.147854,0.105435,0.746711
0,16.8,0.147447,0.104791,0.747762
0,16.9,0.147042,0.104151,0.748807
0,17,0.146641,0.103514,0.749845
0,17.1,0.146242,0.102881,0.750877
0,17.2,0.145847,0.102251,0.751903
0,17.3,0.145454,0.101624,0.752922
0,17.4,0.145065,0.101,0.753935
0,17.5,0.144678,0.10038,0.754942
0,17.6,0.144294,0.0997629,0.755943
0,17.7,0.143913,0.0991493,0.756937
0,17.8,0.143535,0.0985391,0.757926
0,17.9,0.14316,0.0979321,0.758908
0,18,0.142787,0.0973284,0.759884
0,18.1,0.142417,0.096728,0.760855
0,18.2,0.14205,0.096131,0.761819
0,18.3,0.141686,0.0955372,0.762777
0,18.4,0.141324,0.0949467,0.76373
0,18.5,0.140964,0.0943594,0.764676
0,18.6,0.140608,0.0937754,0.765617
0,18.7,0.140254,0.0931947,0.766552
0,18.8,0.139902,0.0926173,0.767481
0,18.9,0.139553,0.0920431,0.768404
0,19,0.139206,0.0914721,0.769322
0,19.1,0.138862,0.0909043,0.770233
0,19.2,0.138521,0.0903398,0.77114
0,19.3,0.138181,0.0897785,0.77204
0,19.4,0.137844,0.0892203,0.772935
0,19.5,0.13751,0.0886654,0.773825
0,19.6,0.137178,0.0881137,0.774709
0,19.7,0.136848,0.0875651,0.775587
0,19.8,0.13652,0.0870197,0.77646
0,19.9,0.136195,0.0864774,0.777327
0,20,0.135872,0.0859383,0.778189
0,20.1,0.135552,0.0854024,0.779046
0,20.2,0.135233,0.0848695,0.779897
0,20.3,0.134917,0.0843398,0.780744
0,20.4,0.134603,0.0838131,0.781584
0,20.5,0.134291,0.0832896,0.78242
0,20.6,0.133981,0.0827691,0.78325
0,20.7,0.133673,0.0822517,0.784075
0,20.8,0.133368,0.0817374,0.784895
0,20.9,0.133064,0.0812261,0.78571
0,21,0.132763,0.0807178,0.78652
0,21.1,0.132463,0.0802125,0.787324
0,21.2,0.132166,0.0797103,0.788124
0,21.3,0.13187,0.0792111,0.788919
0,21.4,0.131577,0.0787148,0.789708
0,21.5,0.131286,0.0782215,0.790493
0,21.6,0.130996,0.0777312,0.791273
0,21.7,0.130709,0.0772438,0.792047
0,21.8,0.130423,0.0767594,0.792817
0,21.9,0.13014,0.0762778,0.793583
0,22,0.129858,0.0757992,0.794343
0,22.1,0.129578,0.0753235,0.795099
0,22.2,0.1293,0.0748507,0.795849
0,22.3,0.129024,0.0743807,0.796596
0,22.4,0.128749,0.0739136,0.797337
0,22.5,0.128477,0.0734494,0.798074
0,22.6,0.128206,0.0729879,0.798806
0,22.7,0.127937,0.0725293,0.799534
0,22.8,0.12767,0.0720735,0.800257
0,22.9,0.127404,0.0716205,0.800975
0,23,0.127141,0.0711703,0.801689
0,23.1,0.126879,0.0707228,0.802399
0,23.2,0.126618,0.0702781,0.803104
0,23.3,0.12636,0.0698361,0.803804
0,23.4,0.126103,0.0693969,0.8045
0,23.5,0.125848,0.0689603,0.805192
0,23.6,0.125594,0.0685265,0.80588
0,23.7,0.125342,0.0680953,0.806563
0,23.8,0.125092,0.0676668,0.807241
0,23.9,0.124843,0.067241,0.807916
0,24,0.124596,0.0668178,0.808586
0,24.1,0.12435,0.0663972,0.809252
0,24.2,0.124106,0.0659793,0.809914
0,24.3,0.123864,0.0655639,0.810572
0,24.4,0.123623,0.0651512,0.811226
0,24.5,0.123384,0.064741,0.811875
0,24.6,0.123146,0.0643334,0.81252
0,24.7,0.12291,0.0639283,0.813162
0,24.8,0.122675,0.0635258,0.813799
0,24.9,0.122442,0.0631258,0.814432
0,25,0.12221,0.0627283,0.815061
0,25.1,0.12198,0.0623333,0.815687
0,25.2,0.121751,0.0619407,0.816308
0,25.3,0.121524,0.0615507,0.816926
0,25.4,0.121298,0.061163,0.817539
0,25.5,0.121073,0.0607779,0.818149
0,25.6,0.12085,0.0603951,0.818755
0,25.7,0.120628,0.0600148,0.819357
0,25.8,0.120408,0.0596368,0.819955
0,25.9,0.120189,0.0592613,0.820549
0,26,0.119972,0.0588881,0.82114
0,26.1,0.119755,0.0585173,0.821727
0,26.2,0.119541,0.0581488,0.822311
0,26.3,0.119327,0.0577826,0.82289
0,26.4,0.119115,0.0574188,0.823466
0,26.5,0.118904,0.0570573,0.824039
0,26.6,0.118695,0.0566981,0.824607
0,26.7,0.118486,0.0563411,0.825173
0,26.8,0.118279,0.0559864,0.825734
0,26.9,0.118074,0.055634,0.826292
0,27,0.117869,0.0552838,0.826847
0,27.1,0.117666,0.0549358,0.827398
0,27.2,0.117464,0.0545901,0.827946
0,27.3,0.117264,0.0542465,0.82849
0,27.4,0.117064,0.0539051,0.829031
0,27.5,0.116866,0.0535659,0.829568
0,27.6,0.116669,0.0532289,0.830102
0,27.7,0.116473,0.052894,0.830632
0,27.8,0.116279,0.0525613,0.83116
0,27.9,0.116086,0.0522306,0.831684
0,28,0.115893,0.0519021,0.832204
0,28.1,0.115703,0.0515757,0.832722
0,28.2,0.115513,0.0512514,0.833236
0,28.3,0.115324,0.0509291,0.833747
0,28.4,0.115137,0.0506089,0.834254
0,28.5,0.11495,0.0502907,0.834759
0,28.6,0.114765,0.0499746,0.83526
0,28.7,0.114581,0.0496605,0.835758
0,28.8,0.114398,0.0493485,0.836254
0,28.9,0.114216,0.0490384,0.836745
0,29,0.114035,0.0487303,0.837234
0,29.1,0.113856,0.0484241,0.83772
0,29.2,0.113677,0.04812,0.838203
0,29.3,0.1135,0.0478178,0.838682
0,29.4,0.113323,0.0475175,0.839159
0,29.5,0.113148,0.0472191,0.839633
0,29.6,0.112974,0.0469227,0.840104
0,29.7,0.112801,0.0466282,0.840571
0,29.8,0.112628,0.0463355,0.841036
0,29.9,0.112457,0.0460448,0.841498
0,30,0.112287,0.0457559,0.841957
0,30.1,0.112118,0.0454688,0.842413
0,30.2,0.11195,0.0451836,0.842866
0,30.3,0.111783,0.0449003,0.843317
0,30.4,0.111617,0.0446187,0.843764
0,30.5,0.111452,0.044339,0.844209
0,30.6,0.111288,0.044061,0.844651
0,30.7,0.111125,0.0437849,0.84509
0,30.8,0.110963,0.0435105,0.845527
0,30.9,0.110801,0.0432379,0.845961
0,31,0.110641,0.0429671,0.846392
0,31.1,0.110482,0.0426979,0.84682
0,31.2,0.110324,0.0424306,0.847246
0,31.3,0.110167,0.0421649,0.847669
0,31.4,0.11001,0.0419009,0.848089
0,31.5,0.109855,0.0416387,0.848507
0,31.6,0.1097,0.0413781,0.848922
0,31.7,0.109547,0.0411192,0.849334
0,31.8,0.109394,0.040862,0.849744
0,31.9,0.109242,0.0406065,0.850151
0,32,0.109091,0.0403525,0.850556
0,32.1,0.108941,0.0401003,0.850958
0,32.2,0.108792,0.0398496,0.851358
0,32.3,0.108644,0.0396005,0.851755
0,32.4,0.108497,0.0393531,0.85215
0,32.5,0.10835,0.0391073,0.852543
0,32.6,0.108205,0.038863,0.852932
0,32.7,0.10806,0.0386203,0.85332
0,32.8,0.107916,0.0383792,0.853705
0,32.9,0.107773,0.0381396,0.854087
0,33,0.107631,0.0379016,0.854468
0,33.1,0.10749,0.0376651,0.854845
0,33.2,0.107349,0.0374301,0.855221
0,33.3,0.107209,0.0371966,0.855594
0,33.4,0.10707,0.0369647,0.855965
0,33.5,0.106932,0.0367342,0.856333
0,33.6,0.106795,0.0365052,0.8567
0,33.7,0.106659,0.0362777,0.857063
0,33.8,0.106523,0.0360517,0.857425
0,33.9,0.106388,0.0358271,0.857784
0,34,0.106254,0.035604,0.858142
0,34.1,0.106121,0.0353823,0.858497
0,34.2,0.105989,0.035162,0.858849
0,34.3,0.105857,0.0349431,0.8592
0,34.4,0.105726,0.0347257,0.859548
0,34.5,0.105596,0.0345096,0.859894
0,34.6,0.105467,0.034295,0.860238
0,34.7,0.105338,0.0340817,0.86058
0,34.8,0.10521,0.0338698,0.86092
0,34.9,0.105083,0.0336593,0.861258
0,35,0.104957,0.0334501,0.861593
0,35.1,0.104831,0.0332423,0.861927
0,35.2,0.104706,0.0330358,0.862258
0,35.3,0.104582,0.0328306,0.862587
0,35.4,0.104459,0.0326268,0.862915
0,35.5,0.104336,0.0324242,0.86324
0,35.6,0.104214,0.032223,0.863563
0,35.7,0.104093,0.0320231,0.863884
0,35.8,0.103972,0.0318244,0.864204
0,35.9,0.103852,0.0316271,0.864521
0,36,0.103733,0.031431,0.864836
0,36.1,0.103614,0.0312361,0.865149
0,36.2,0.103497,0.0310425,0.865461
0,36.3,0.10338,0.0308502,0.86577
0,36.4,0.103263,0.0306591,0.866078
0,36.5,0.103147,0.0304692,0.866384
0,36.6,0.103032,0.0302805,0.866687
0,36.7,0.102918,0.0300931,0.866989
0,36.8,0.102804,0.0299069,0.867289
0,36.9,0.102691,0.0297218,0.867587
0,37,0.102578,0.029538,0.867884
0,37.1,0.102467,0.0293553,0.868178
0,37.2,0.102356,0.0291738,0.868471
0,37.3,0.102245,0.0289934,0.868761
0,37.4,0.102135,0.0288143,0.869051
0,37.5,0.102026,0.0286362,0.869338
0,37.6,0.101917,0.0284594,0.869623
0,37.7,0.101809,0.0282836,0.869907
0,37.8,0.101702,0.028109,0.870189
0,37.9,0.101595,0.0279355,0.870469
0,38,0.101489,0.0277631,0.870748
0,38.1,0.101384,0.0275918,0.871024
0,38.2,0.101279,0.0274216,0.871299
0,38.3,0.101175,0.0272525,0.871573
0,38.4,0.101071,0.0270845,0.871845
0,38.5,0.100968,0.0269176,0.872115
0,38.6,0.100865,0.0267517,0.872383
0,38.7,0.100763,0.026587,0.87265
0,38.8,0.100662,0.0264232,0.872915
0,38.9,0.100561,0.0262605,0.873178
0,39,0.100461,0.0260989,0.87344
0,39.1,0.100362,0.0259383,0.8737
0,39.2,0.100263,0.0257787,0.873959
0,39.3,0.100164,0.0256201,0.874216
0,39.4,0.100066,0.0254625,0.874471
0,39.5,0.0999691,0.025306,0.874725
0,39.6,0.0998724,0.0251505,0.874977
0,39.7,0.0997762,0.0249959,0.875228
0,39.8,0.0996806,0.0248424,0.875477
0,39.9,0.0995855,0.0246898,0.875725
0,40,0.0994909,0.0245382,0.875971
0,40.1,0.0993969,0.0243876,0.876215
0,40.2,0.0993035,0.0242379,0.876459
0,40.3,0.0992106,0.0240892,0.8767
0,40.4,0.0991182,0.0239414,0.87694
0,40.5,0.0990263,0.0237946,0.877179
0,40.6,0.098935,0.0236487,0.877416
0,40.7,0.0988442,0.0235038,0.877652
0,40.8,0.0987539,0.0233597,0.877886
0,40.9,0.0986641,0.0232166,0.878119
0,41,0.0985748,0.0230745,0.878351
0,41.1,0.0984861,0.0229332,0.878581
0,41.2,0.0983978,0.0227928,0.878809
0,41.3,0.0983101,0.0226533,0.879037
0,41.4,0.0982228,0.0225147,0.879262
0,41.5,0.0981361,0.022377,0.879487
0,41.6,0.0980499,0.0222402,0.87971
0,41.7,0.0979641,0.0221042,0.879932
0,41.8,0.0978788,0.0219691,0.880152
0,41.9,0.0977941,0.0218349,0.880371
0,42,0.0977098,0.0217015,0.880589
0,42.1,0.0976259,0.0215689,0.880805
0,42.2,0.0975426,0.0214372,0.88102
0,42.3,0.0974597,0.0213064,0.881234
0,42.4,0.0973773,0.0211764,0.881446
0,42.5,0.0972954,0.0210472,0.881657
0,42.6,0.097214,0.0209188,0.881867
0,42.7,0.097133,0.0207913,0.882076
0,42.8,0.0970524,0.0206645,0.882283
0,42.9,0.0969724,0.0205386,0.882489
0,43,0.0968927,0.0204134,0.882694
0,43.1,0.0968136,0.0202891,0.882897
0,43.2,0.0967349,0.0201655,0.8831
0,43.3,0.0966566,0.0200428,0.883301
0,43.4,0.0965788,0.0199208,0.8835
0,43.5,0.0965014,0.0197996,0.883699
0,43.6,0.0964244,0.0196791,0.883896
0,43.7,0.0963479,0.0195594,0.884093
0,43.8,0.0962718,0.0194405,0.884288
0,43.9,0.0961962,0.0193223,0.884481
0,44,0.096121,0.0192049,0.884674
0,44.1,0.0960462,0.0190882,0.884866
0,44.2,0.0959718,0.0189723,0.885056
0,44.3,0.0958979,0.0188571,0.885245
0,44.4,0.0958244,0.0187426,0.885433
0,44.5,0.0957513,0.0186289,0.88562
0,44.6,0.0956786,0.0185158,0.885806
0,44.7,0.0956063,0.0184035,0.88599
0,44.8,0.0955344,0.0182919,0.886174
0,44.9,0.0954629,0.018181,0.886356
0,45,0.0953919,0.0180708,0.886537
0,45.1,0.0953212,0.0179613,0.886717
0,45.2,0.0952509,0.0178525,0.886897
0,45.3,0.0951811,0.0177444,0.887075
0,45.4,0.0951116,0.017637,0.887251
0,45.5,0.0950425,0.0175302,0.887427
0,45.6,0.0949738,0.0174241,0.887602
0,45.7,0.0949055,0.0173187,0.887776
0,45.8,0.0948376,0.017214,0.887948
0,45.9,0.0947701,0.0171099,0.88812
0,46,0.0947029,0.0170065,0.888291
0,46.1,0.0946362,0.0169037,0.88846
0,46.2,0.0945698,0.0168016,0.888629
0,46.3,0.0945037,0.0167001,0.888796
0,46.4,0.0944381,0.0165992,0.888963
0,46.5,0.0943728,0.016499,0.889128
0,46.6,0.0943079,0.0163994,0.889293
0,46.7,0.0942434,0.0163005,0.889456
0,46.8,0.0941792,0.0162022,0.889619
0,46.9,0.0941153,0.0161045,0.88978
0,47,0.0940519,0.0160074,0.889941
0,47.1,0.0939888,0.0159109,0.8901
0,47.2,0.093926,0.015815,0.890259
0,47.3,0.0938636,0.0157197,0.890417
0,47.4,0.0938016,0.0156251,0.890573
0,47.5,0.0937399,0.015531,0.890729
0,47.6,0.0936785,0.0154375,0.890884
0,47.7,0.0936175,0.0153446,0.891038
0,47.8,0.0935569,0.0152523,0.891191
0,47.9,0.0934965,0.0151605,0.891343
0,48,0.0934365,0.0150694,0.891494
0,48.1,0.0933769,0.0149788,0.891644
0,48.2,0.0933176,0.0148887,0.891794
0,48.3,0.0932586,0.0147993,0.891942
0,48.4,0.0931999,0.0147104,0.89209
0,48.5,0.0931416,0.0146221,0.892236
0,48.6,0.0930836,0.0145343,0.892382
0,48.7,0.093026,0.014447,0.892527
0,48.8,0.0929686,0.0143603,0.892671
0,48.9,0.0929116,0.0142742,0.892814
0,49,0.0928549,0.0141886,0.892957
0,49.1,0.0927985,0.0141035,0.893098
0,49.2,0.0927424,0.014019,0.893239
0,49.3,0.0926867,0.013935,0.893378
0,49.4,0.0926312,0.0138515,0.893517
0,49.5,0.0925761,0.0137685,0.893655
0,49.6,0.0925212,0.0136861,0.893793
0,49.7,0.0924667,0.0136042,0.893929
0,49.8,0.0924125,0.0135227,0.894065
0,49.9,0.0923586,0.0134418,0.8942
0,50,0.092305,0.0133614,0.894334
0,50.1,0.0922517,0.0132815,0.894467
0,50.2,0.0921986,0.0132021,0.894599
0,50.3,0.0921459,0.0131232,0.894731
0,50.4,0.0920935,0.0130448,0.894862
0,50.5,0.0920414,0.0129669,0.894992
0,50.6,0.0919895,0.0128894,0.895121
0,50.7,0.091938,0.0128125,0.89525
0,50.8,0.0918867,0.012736,0.895377
0,50.9,0.0918357,0.01266,0.895504
0,51,0.091785,0.0125845,0.89563
0,51.1,0.0917346,0.0125094,0.895756
0,51.2,0.0916845,0.0124348,0.895881
0,51.3,0.0916346,0.0123607,0.896005
0,51.4,0.0915851,0.012287,0.896128
0,51.5,0.0915358,0.0122138,0.89625
0,51.6,0.0914868,0.0121411,0.896372
0,51.7,0.091438,0.0120688,0.896493
0,51.8,0.0913895,0.0119969,0.896614
0,51.9,0.0913413,0.0119255,0.896733
0,52,0.0912934,0.0118546,0.896852
0,52.1,0.0912457,0.0117841,0.89697
0,52.2,0.0911983,0.011714,0.897088
0,52.3,0.0911511,0.0116443,0.897205
0,52.4,0.0911043,0.0115751,0.897321
0,52.5,0.0910576,0.0115063,0.897436
0,52.6,0.0910113,0.011438,0.897551
0,52.7,0.0909652,0.01137,0.897665
0,52.8,0.0909193,0.0113025,0.897778
0,52.9,0.0908737,0.0112354,0.897891
0,53,0.0908284,0.0111687,0.898003
0,53.1,0.0907833,0.0111025,0.898114
0,53.2,0.0907385,0.0110366,0.898225
0,53.3,0.0906939,0.0109712,0.898335
0,53.4,0.0906495,0.0109061,0.898444
0,53.5,0.0906054,0.0108415,0.898553
0,53.6,0.0905616,0.0107773,0.898661
0,53.7,0.090518,0.0107134,0.898769
0,53.8,0.0904746,0.01065,0.898875
0,53.9,0.0904315,0.0105869,0.898982
0,54,0.0903886,0.0105242,0.899087
0,54.1,0.0903459,0.010462,0.899192
0,54.2,0.0903035,0.0104001,0.899296
0,54.3,0.0902613,0.0103385,0.8994
0,54.4,0.0902194,0.0102774,0.899503
0,54.5,0.0901777,0.0102167,0.899606
0,54.6,0.0901362,0.0101563,0.899708
0,54.7,0.090095,0.0100963,0.899809
0,54.8,0.0900539,0.0100366,0.899909
0,54.9,0.0900131,0.00997735,0.90001
0,55,0.0899726,0.00991844,0.900109
0,55.1,0.0899322,0.0098599,0.900208
0,55.2,0.0898921,0.00980172,0.900306
0,55.3,0.0898522,0.00974389,0.900404
0,55.4,0.0898125,0.00968642,0.900501
0,55.5,0.089773,0.00962931,0.900598
0,55.6,0.0897338,0.00957254,0.900694
0,55.7,0.0896948,0.00951613,0.900789
0,55.8,0.089656,0.00946006,0.900884
0,55.9,0.0896174,0.00940433,0.900978
0,56,0.089579,0.00934895,0.901072
0,56.1,0.0895408,0.00929391,0.901165
0,56.2,0.0895028,0.00923921,0.901258
0,56.3,0.0894651,0.00918484,0.90135
0,56.4,0.0894275,0.00913081,0.901442
0,56.5,0.0893902,0.00907711,0.901533
0,56.6,0.0893531,0.00902373,0.901623
0,56.7,0.0893161,0.00897069,0.901713
0,56.8,0.0892794,0.00891797,0.901803
0,56.9,0.0892429,0.00886557,0.901892
0,57,0.0892066,0.0088135,0.90198
0,57.1,0.0891705,0.00876174,0.902068
0,57.2,0.0891345,0.0087103,0.902155
0,57.3,0.0890988,0.00865917,0.902242
0,57.4,0.0890633,0.00860836,0.902328
0,57.5,0.089028,0.00855786,0.902414
0,57.6,0.0889928,0.00850767,0.902499
0,57.7,0.0889579,0.00845779,0.902584
0,57.8,0.0889231,0.00840821,0.902669
0,57.9,0.0888886,0.00835893,0.902752
0,58,0.0888542,0.00830995,0.902836
0,58.1,0.08882,0.00826128,0.902919
0,58.2,0.088786,0.0082129,0.903001
0,58.3,0.0887522,0.00816481,0.903083
0,58.4,0.0887186,0.00811702,0.903164
0,58.5,0.0886852,0.00806953,0.903245
0,58.6,0.0886519,0.00802232,0.903326
0,58.7,0.0886189,0.0079754,0.903406
0,58.8,0.088586,0.00792876,0.903485
0,58.9,0.0885533,0.00788241,0.903564
0,59,0.0885208,0.00783634,0.903643
0,59.1,0.0884884,0.00779056,0.903721
0,59.2,0.0884562,0.00774505,0.903799
0,59.3,0.0884242,0.00769982,0.903876
0,59.4,0.0883924,0.00765486,0.903953
0,59.5,0.0883608,0.00761018,0.904029
0,59.6,0.0883293,0.00756577,0.904105
0,59.7,0.088298,0.00752163,0.90418
0,59.8,0.0882669,0.00747776,0.904255
0,59.9,0.0882359,0.00743416,0.90433
0,60,0.0882051,0.00739082,0.904404
0,60.1,0.0881745,0.00734774,0.904478
0,60.2,0.0881441,0.00730492,0.904551
0,60.3,0.0881138,0.00726237,0.904624
0,60.4,0.0880837,0.00722007,0.904696
0,60.5,0.0880537,0.00717803,0.904768
0,60.6,0.088024,0.00713625,0.90484
0,60.7,0.0879943,0.00709472,0.904911
0,60.8,0.0879649,0.00705344,0.904982
0,60.9,0.0879356,0.00701241,0.905052
0,61,0.0879064,0.00697163,0.905122
0,61.1,0.0878774,0.0069311,0.905191
0,61.2,0.0878486,0.00689081,0.905261
0,61.3,0.08782,0.00685077,0.905329
0,61.4,0.0877915,0.00681097,0.905398
0,61.5,0.0877631,0.00677141,0.905465
0,61.6,0.0877349,0.00673209,0.905533
0,61.7,0.0877069,0.006693,0.9056
0,61.8,0.087679,0.00665416,0.905667
0,61.9,0.0876512,0.00661555,0.905733
0,62,0.0876236,0.00657717,0.905799
0,62.1,0.0875962,0.00653902,0.905865
0,62.2,0.0875689,0.00650111,0.90593
0,62.3,0.0875418,0.00646342,0.905995
0,62.4,0.0875148,0.00642596,0.906059
0,62.5,0.087488,0.00638873,0.906123
0,62.6,0.0874613,0.00635172,0.906187
0,62.7,0.0874347,0.00631493,0.90625
0,62.8,0.0874083,0.00627837,0.906313
0,62.9,0.0873821,0.00624203,0.906376
0,63,0.0873559,0.00620591,0.906438
0,63.1,0.08733,0.00617,0.9065
0,63.2,0.0873041,0.00613431,0.906562
0,63.3,0.0872784,0.00609884,0.906623
0,63.4,0.0872529,0.00606358,0.906684
0,63.5,0.0872275,0.00602853,0.906744
0,63.6,0.0872022,0.00599369,0.906804
0,63.7,0.0871771,0.00595906,0.906864
0,63.8,0.0871521,0.00592464,0.906923
0,63.9,0.0871272,0.00589043,0.906982
0,64,0.0871025,0.00585642,0.907041
0,64.1,0.0870779,0.00582262,0.907099
0,64.2,0.0870534,0.00578902,0.907158
0,64.3,0.0870291,0.00575562,0.907215
0,64.4,0.0870049,0.00572243,0.907273
0,64.5,0.0869809,0.00568943,0.90733
0,64.6,0.0869569,0.00565663,0.907386
0,64.7,0.0869331,0.00562403,0.907443
0,64.8,0.0869095,0.00559162,0.907499
0,64.9,0.0868859,0.00555941,0.907555
0,65,0.0868625,0.00552739,0.90761
0,65.1,0.0868392,0.00549556,0.907665
0,65.2,0.0868161,0.00546392,0.90772
0,65.3,0.086793,0.00543248,0.907775
0,65.4,0.0867701,0.00540122,0.907829
0,65.5,0.0867473,0.00537015,0.907883
0,65.6,0.0867247,0.00533926,0.907936
0,65.7,0.0867021,0.00530856,0.907989
0,65.8,0.0866797,0.00527804,0.908042
0,65.9,0.0866574,0.00524771,0.908095
0,66,0.0866352,0.00521756,0.908147
0,66.1,0.0866132,0.00518758,0.908199
0,66.2,0.0865913,0.00515779,0.908251
0,66.3,0.0865694,0.00512817,0.908302
0,66.4,0.0865477,0.00509873,0.908354
0,66.5,0.0865262,0.00506947,0.908404
0,66.6,0.0865047,0.00504038,0.908455
0,66.7,0.0864834,0.00501147,0.908505
0,66.8,0.0864621,0.00498273,0.908555
0,66.9,0.086441,0.00495415,0.908605
0,67,0.08642,0.00492575,0.908654
0,67.1,0.0863991,0.00489752,0.908703
0,67.2,0.0863784,0.00486946,0.908752
0,67.3,0.0863577,0.00484156,0.908801
0,67.4,0.0863372,0.00481384,0.908849
0,67.5,0.0863167,0.00478627,0.908897
0,67.6,0.0862964,0.00475887,0.908945
0,67.7,0.0862762,0.00473163,0.908992
0,67.8,0.0862561,0.00470456,0.909039
0,67.9,0.0862361,0.00467765,0.909086
0,68,0.0862162,0.00465089,0.909133
0,68.1,0.0861964,0.0046243,0.909179
0,68.2,0.0861767,0.00459786,0.909225
0,68.3,0.0861572,0.00457158,0.909271
0,68.4,0.0861377,0.00454546,0.909317
0,68.5,0.0861183,0.00451949,0.909362
0,68.6,0.0860991,0.00449368,0.909407
0,68.7,0.0860799,0.00446802,0.909452
0,68.8,0.0860609,0.00444251,0.909497
0,68.9,0.086042,0.00441715,0.909541
0,69,0.0860231,0.00439195,0.909585
0,69.1,0.0860044,0.00436689,0.909629
0,69.2,0.0859858,0.00434198,0.909672
0,69.3,0.0859672,0.00431722,0.909716
0,69.4,0.0859488,0.00429261,0.909759
0,69.5,0.0859304,0.00426814,0.909801
0,69.6,0.0859122,0.00424381,0.909844
0,69.7,0.0858941,0.00421963,0.909886
0,69.8,0.085876,0.0041956,0.909928
0,69.9,0.0858581,0.0041717,0.90997
0,70,0.0858402,0.00414795,0.910012
0,70.1,0.0858225,0.00412434,0.910053
0,70.2,0.0858048,0.00410087,0.910094
0,70.3,0.0857873,0.00407753,0.910135
0,70.4,0.0857698,0.00405434,0.910176
0,70.5,0.0857525,0.00403128,0.910216
0,70.6,0.0857352,0.00400836,0.910256
0,70.7,0.085718,0.00398557,0.910296
0,70.8,0.0857009,0.00396292,0.910336
0,70.9,0.0856839,0.0039404,0.910376
0,71,0.085667,0.00391801,0.910415
0,71.1,0.0856502,0.00389576,0.910454
0,71.2,0.0856335,0.00387364,0.910493
0,71.3,0.0856168,0.00385164,0.910532
0,71.4,0.0856003,0.00382978,0.91057
0,71.5,0.0855838,0.00380805,0.910608
0,71.6,0.0855675,0.00378644,0.910646
0,71.7,0.0855512,0.00376497,0.910684
0,71.8,0.085535,0.00374361,0.910721
0,71.9,0.0855189,0.00372239,0.910759
0,72,0.0855029,0.00370129,0.910796
0,72.1,0.0854869,0.00368031,0.910833
0,72.2,0.0854711,0.00365946,0.910869
0,72.3,0.0854553,0.00363872,0.910906
0,72.4,0.0854397,0.00361812,0.910942
0,72.5,0.0854241,0.00359763,0.910978
0,72.6,0.0854086,0.00357726,0.911014
0,72.7,0.0853931,0.00355701,0.91105
0,72.8,0.0853778,0.00353688,0.911085
0,72.9,0.0853625,0.00351687,0.911121
0,73,0.0853474,0.00349698,0.911156
0,73.1,0.0853323,0.0034772,0.911191
0,73.2,0.0853173,0.00345754,0.911225
0,73.3,0.0853023,0.003438,0.91126
0,73.4,0.0852875,0.00341857,0.911294
0,73.5,0.0852727,0.00339925,0.911328
0,73.6,0.085258,0.00338005,0.911362
0,73.7,0.0852434,0.00336096,0.911396
0,73.8,0.0852289,0.00334198,0.911429
0,73.9,0.0852144,0.00332311,0.911462
0,74,0.0852,0.00330435,0.911496
0,74.1,0.0851857,0.0032857,0.911529
0,74.2,0.0851715,0.00326717,0.911561
0,74.3,0.0851573,0.00324874,0.911594
0,74.4,0.0851433,0.00323041,0.911626
0,74.5,0.0851293,0.0032122,0.911659
0,74.6,0.0851153,0.00319409,0.911691
0,74.7,0.0851015,0.00317609,0.911722
0,74.8,0.0850877,0.00315819,0.911754
0,74.9,0.085074,0.0031404,0.911786
0,75,0.0850604,0.00312271,0.911817
0,75.1,0.0850468,0.00310512,0.911848
0,75.2,0.0850334,0.00308764,0.911879
0,75.3,0.08502,0.00307026,0.91191
0,75.4,0.0850066,0.00305298,0.91194
0,75.5,0.0849934,0.0030358,0.911971
0,75.6,0.0849802,0.00301872,0.912001
0,75.7,0.084967,0.00300174,0.912031
0,75.8,0.084954,0.00298486,0.912061
0,75.9,0.084941,0.00296808,0.912091
0,76,0.0849281,0.0029514,0.912121
0,76.1,0.0849152,0.00293481,0.91215
0,76.2,0.0849025,0.00291832,0.912179
0,76.3,0.0848898,0.00290193,0.912208
0,76.4,0.0848771,0.00288563,0.912237
0,76.5,0.0848646,0.00286942,0.912266
0,76.6,0.0848521,0.00285331,0.912295
0,76.7,0.0848396,0.0028373,0.912323
0,76.8,0.0848272,0.00282137,0.912351
0,76.9,0.0848149,0.00280554,0.91238
0,77,0.0848027,0.00278981,0.912407
0,77.1,0.0847905,0.00277416,0.912435
0,77.2,0.0847784,0.0027586,0.912463
0,77.3,0.0847664,0.00274314,0.91249
0,77.4,0.0847544,0.00272776,0.912518
0,77.5,0.0847425,0.00271247,0.912545
0,77.6,0.0847306,0.00269728,0.912572
0,77.7,0.0847188,0.00268217,0.912599
0,77.8,0.0847071,0.00266714,0.912626
0,77.9,0.0846955,0.00265221,0.912652
0,78,0.0846839,0.00263736,0.912679
0,78.1,0.0846723,0.0026226,0.912705
0,78.2,0.0846608,0.00260792,0.912731
0,78.3,0.0846494,0.00259333,0.912757
0,78.4,0.0846381,0.00257882,0.912783
0,78.5,0.0846268,0.0025644,0.912809
0,78.6,0.0846156,0.00255006,0.912834
0,78.7,0.0846044,0.0025358,0.91286
0,78.8,0.0845933,0.00252163,0.912885
0,78.9,0.0845822,0.00250754,0.91291
0,79,0.0845712,0.00249352,0.912935
0,79.1,0.0845603,0.00247959,0.91296
0,79.2,0.0845494,0.00246574,0.912985
0,79.3,0.0845386,0.00245198,0.913009
0,79.4,0.0845278,0.00243829,0.913034
0,79.5,0.0845171,0.00242467,0.913058
0,79.6,0.0845065,0.00241114,0.913082
0,79.7,0.0844959,0.00239769,0.913106
0,79.8,0.0844854,0.00238431,0.91313
0,79.9,0.0844749,0.00237101,0.913154
0,80,0.0844645,0.00235779,0.913178
0,80.1,0.0844541,0.00234464,0.913201
0,80.2,0.0844438,0.00233157,0.913225
0,80.3,0.0844335,0.00231858,0.913248
0,80.4,0.0844233,0.00230566,0.913271
0,80.5,0.0844132,0.00229281,0.913294
0,80.6,0.0844031,0.00228004,0.913317
0,80.7,0.084393,0.00226734,0.91334
0,80.8,0.0843831,0.00225472,0.913362
0,80.9,0.0843731,0.00224216,0.913385
0,81,0.0843633,0.00222968,0.913407
0,81.1,0.0843534,0.00221728,0.913429
0,81.2,0.0843437,0.00220494,0.913451
0,81.3,0.0843339,0.00219267,0.913473
0,81.4,0.0843243,0.00218048,0.913495
0,81.5,0.0843146,0.00216835,0.913517
0,81.6,0.0843051,0.0021563,0.913539
0,81.7,0.0842956,0.00214431,0.91356
0,81.8,0.0842861,0.00213239,0.913582
0,81.9,0.0842767,0.00212054,0.913603
0,82,0.0842673,0.00210876,0.913624
0,82.1,0.084258,0.00209705,0.913645
0,82.2,0.0842487,0.0020854,0.913666
0,82.3,0.0842395,0.00207382,0.913687
0,82.4,0.0842303,0.00206231,0.913707
0,82.5,0.0842212,0.00205086,0.913728
0,82.6,0.0842122,0.00203948,0.913748
0,82.7,0.0842031,0.00202816,0.913769
0,82.8,0.0841942,0.00201691,0.913789
0,82.9,0.0841852,0.00200572,0.913809
0,83,0.0841764,0.0019946,0.913829
0,83.1,0.0841675,0.00198354,0.913849
0,83.2,0.0841587,0.00197255,0.913869
0,83.3,0.08415,0.00196161,0.913888
0,83.4,0.0841413,0.00195074,0.913908
0,83.5,0.0841327,0.00193994,0.913927
0,83.6,0.0841241,0.00192919,0.913947
0,83.7,0.0841155,0.0019185,0.913966
0,83.8,0.084107,0.00190788,0.913985
0,83.9,0.0840985,0.00189732,0.914004
0,84,0.0840901,0.00188681,0.914023
0,84.1,0.0840818,0.00187637,0.914042
0,84.2,0.0840734,0.00186599,0.914061
0,84.3,0.0840651,0.00185566,0.914079
0,84.4,0.0840569,0.0018454,0.914098
0,84.5,0.0840487,0.00183519,0.914116
0,84.6,0.0840406,0.00182504,0.914134
0,84.7,0.0840324,0.00181495,0.914153
0,84.8,0.0840244,0.00180492,0.914171
0,84.9,0.0840164,0.00179495,0.914189
0,85,0.0840084,0.00178503,0.914207
0,85.1,0.0840004,0.00177517,0.914224
0,85.2,0.0839925,0.00176536,0.914242
0,85.3,0.0839847,0.00175561,0.91426
0,85.4,0.0839769,0.00174592,0.914277
0,85.5,0.0839691,0.00173628,0.914295
0,85.6,0.0839614,0.00172669,0.914312
0,85.7,0.0839537,0.00171716,0.914329
0,85.8,0.083946,0.00170769,0.914346
0,85.9,0.0839384,0.00169827,0.914363
0,86,0.0839309,0.0016889,0.91438
0,86.1,0.0839233,0.00167958,0.914397
0,86.2,0.0839158,0.00167032,0.914414
0,86.3,0.0839084,0.00166111,0.914431
0,86.4,0.083901,0.00165195,0.914447
0,86.5,0.0838936,0.00164285,0.914464
0,86.6,0.0838863,0.0016338,0.91448
0,86.7,0.083879,0.0016248,0.914496
0,86.8,0.0838717,0.00161584,0.914512
0,86.9,0.0838645,0.00160695,0.914529
0,87,0.0838573,0.0015981,0.914545
0,87.1,0.0838502,0.0015893,0.91456
0,87.2,0.0838431,0.00158055,0.914576
0,87.3,0.083836,0.00157185,0.914592
0,87.4,0.083829,0.0015632,0.914608
0,87.5,0.083822,0.0015546,0.914623
0,87.6,0.0838151,0.00154604,0.914639
0,87.7,0.0838082,0.00153754,0.914654
0,87.8,0.0838013,0.00152909,0.91467
0,87.9,0.0837944,0.00152068,0.914685
0,88,0.0837876,0.00151232,0.9147
0,88.1,0.0837809,0.001504,0.914715
0,88.2,0.0837741,0.00149574,0.91473
0,88.3,0.0837674,0.00148752,0.914745
0,88.4,0.0837608,0.00147935,0.91476
0,88.5,0.0837542,0.00147122,0.914775
0,88.6,0.0837476,0.00146314,0.914789
0,88.7,0.083741,0.00145511,0.914804
0,88.8,0.0837345,0.00144712,0.914818
0,88.9,0.083728,0.00143917,0.914833
0,89,0.0837215,0.00143127,0.914847
0,89.1,0.0837151,0.00142342,0.914861
0,89.2,0.0837087,0.00141561,0.914876
0,89.3,0.0837024,0.00140784,0.91489
0,89.4,0.0836961,0.00140012,0.914904
0,89.5,0.0836898,0.00139244,0.914918
0,89.6,0.0836835,0.00138481,0.914932
0,89.7,0.0836773,0.00137721,0.914945
0,89.8,0.0836711,0.00136967,0.914959
0,89.9,0.083665,0.00136216,0.914973
0,90,0.0836589,0.00135469,0.914986
0,90.1,0.0836528,0.00134727,0.915
0,90.2,0.0836467,0.00133989,0.915013
0,90.3,0.0836407,0.00133255,0.915027
0,90.4,0.0836347,0.00132525,0.91504
0,90.5,0.0836287,0.001318,0.915053
0,90.6,0.0836228,0.00131078,0.915066
0,90.7,0.0836169,0.00130361,0.915079
0,90.8,0.0836111,0.00129647,0.915092
0,90.9,0.0836052,0.00128938,0.915105
0,91,0.0835994,0.00128232,0.915118
0,91.1,0.0835936,0.00127531,0.915131
0,91.2,0.0835879,0.00126833,0.915144
0,91.3,0.0835822,0.0012614,0.915156
0,91.4,0.0835765,0.0012545,0.915169
0,91.5,0.0835709,0.00124764,0.915182
0,91.6,0.0835652,0.00124082,0.915194
0,91.7,0.0835596,0.00123404,0.915206
0,91.8,0.0835541,0.0012273,0.915219
0,91.9,0.0835485,0.00122059,0.915231
0,92,0.083543,0.00121392,0.915243
0,92.1,0.0835376,0.00120729,0.915255
0,92.2,0.0835321,0.0012007,0.915267
0,92.3,0.0835267,0.00119414,0.915279
0,92.4,0.0835213,0.00118762,0.915291
0,92.5,0.0835159,0.00118114,0.915303
0,92.6,0.0835106,0.00117469,0.915315
0,92.7,0.0835053,0.00116828,0.915326
0,92.8,0.0835,0.00116191,0.915338
0,92.9,0.0834948,0.00115557,0.91535
0,93,0.0834896,0.00114927,0.915361
0,93.1,0.0834844,0.001143,0.915373
0,93.2,0.0834792,0.00113677,0.915384
0,93.3,0.0834741,0.00113057,0.915395
0,93.4,0.083469,0.00112441,0.915407
0,93.5,0.0834639,0.00111828,0.915418
0,93.6,0.0834588,0.00111218,0.915429
0,93.7,0.0834538,0.00110612,0.91544
0,93.8,0.0834488,0.0011001,0.915451
0,93.9,0.0834438,0.0010941,0.915462
0,94,0.0834388,0.00108814,0.915473
0,94.1,0.0834339,0.00108222,0.915484
0,94.2,0.083429,0.00107633,0.915495
0,94.3,0.0834241,0.00107047,0.915505
0,94.4,0.0834193,0.00106464,0.915516
0,94.5,0.0834145,0.00105885,0.915527
0,94.6,0.0834097,0.00105308,0.915537
0,94.7,0.0834049,0.00104735,0.915548
0,94.8,0.0834002,0.00104166,0.915558
0,94.9,0.0833954,0.00103599,0.915569
0,95,0.0833907,0.00103035,0.915579
0,95.1,0.0833861,0.00102475,0.915589
0,95.2,0.0833814,0.00101918,0.915599
0,95.3,0.0833768,0.00101364,0.91561
0,95.4,0.0833722,0.00100813,0.91562
0,95.5,0.0833676,0.00100265,0.91563
0,95.6,0.0833631,0.000997202,0.91564
0,95.7,0.0833585,0.000991784,0.91565
0,95.8,0.083354,0.000986396,0.91566
0,95.9,0.0833496,0.000981038,0.915669
0,96,0.0833451,0.00097571,0.915679
0,96.1,0.0833407,0.000970411,0.915689
0,96.2,0.0833363,0.000965142,0.915699
0,96.3,0.0833319,0.000959903,0.915708
0,96.4,0.0833275,0.000954692,0.915718
0,96.5,0.0833232,0.000949511,0.915727
0,96.6,0.0833189,0.000944359,0.915737
0,96.7,0.0833146,0.000939235,0.915746
0,96.8,0.0833103,0.000934139,0.915756
0,96.9,0.083306,0.000929072,0.915765
0,97,0.0833018,0.000924033,0.915774
0,97.1,0.0832976,0.000919022,0.915783
0,97.2,0.0832934,0.000914039,0.915793
0,97.3,0.0832893,0.000909084,0.915802
0,97.4,0.0832851,0.000904156,0.915811
0,97.5,0.083281,0.000899256,0.91582
0,97.6,0.0832769,0.000894383,0.915829
0,97.7,0.0832728,0.000889536,0.915838
0,97.8,0.0832688,0.000884717,0.915846
0,97.9,0.0832648,0.000879925,0.915855
0,98,0.0832608,0.000875159,0.915864
0,98.1,0.0832568,0.000870419,0.915873
0,98.2,0.0832528,0.000865706,0.915881
0,98.3,0.0832489,0.000861019,0.91589
0,98.4,0.0832449,0.000856358,0.915899
0,98.5,0.083241,0.000851723,0.915907
0,98.6,0.0832371,0.000847113,0.915916
0,98.7,0.0832333,0.00084253,0.915924
0,98.8,0.0832294,0.000837971,0.915933
0,98.9,0.0832256,0.000833438,0.915941
0,99,0.0832218,0.00082893,0.915949
0,99.1,0.083218,0.000824446,0.915958
0,99.2,0.0832143,0.000819988,0.915966
0,99.3,0.0832105,0.000815554,0.915974
0,99.4,0.0832068,0.000811145,0.915982
0,99.5,0.0832031,0.00080676,0.91599
0,99.6,0.0831994,0.0008024,0.915998
0,99.7,0.0831957,0.000798064,0.916006
0,99.8,0.0831921,0.000793751,0.916014
0,99.9,0.0831885,0.000789463,0.916022
1,0,0.152993,0.232806,0.6142
1,0.1,0.152119,0.23136,0.616521
1,0.2,0.151258,0.229914,0.618828
1,0.3,0.150411,0.22847,0.62112
1,0.4,0.149576,0.227027,0.623397
1,0.5,0.148755,0.225585,0.62566
1,0.6,0.147946,0.224146,0.627909
1,0.7,0.147149,0.222708,0.630143
1,0.8,0.146364,0.221273,0.632363
1,0.9,0.145591,0.219841,0.634568
1,1,0.14483,0.218411,0.63676
1,1.1,0.14408,0.216984,0.638937
1,1.2,0.143341,0.21556,0.641099
1,1.3,0.142613,0.214139,0.643248
1,1.4,0.141896,0.212722,0.645382
1,1.5,0.14119,0.211308,0.647502
1,1.6,0.140494,0.209898,0.649608
1,1.7,0.139808,0.208491,0.6517
1,1.8,0.139133,0.207089,0.653778
1,1.9,0.138467,0.205691,0.655842
1,2,0.137811,0.204297,0.657892
1,2.1,0.137164,0.202908,0.659928
1,2.2,0.136527,0.201523,0.66195
1,2.3,0.135899,0.200143,0.663958
1,2.4,0.13528,0.198767,0.665953
1,2.5,0.13467,0.197396,0.667934
1,2.6,0.134068,0.196031,0.669901
1,2.7,0.133475,0.19467,0.671854
1,2.8,0.132891,0.193315,0.673794
1,2.9,0.132315,0.191965,0.675721
1,3,0.131747,0.19062,0.677634
1,3.1,0.131187,0.18928,0.679533
1,3.2,0.130634,0.187946,0.681419
1,3.3,0.13009,0.186618,0.683292
1,3.4,0.129553,0.185296,0.685152
1,3.5,0.129023,0.183979,0.686998
1,3.6,0.128501,0.182668,0.688831
1,3.7,0.127986,0.181362,0.690651
1,3.8,0.127479,0.180063,0.692458
1,3.9,0.126978,0.17877,0.694253
1,4,0.126484,0.177482,0.696034
1,4.1,0.125997,0.176201,0.697802
1,4.2,0.125516,0.174926,0.699558
1,4.3,0.125042,0.173657,0.701301
1,4.4,0.124574,0.172395,0.703031
1,4.5,0.124113,0.171138,0.704749
1,4.6,0.123658,0.169888,0.706454
1,4.7,0.123209,0.168645,0.708146
1,4.8,0.122766,0.167407,0.709827
1,4.9,0.122329,0.166176,0.711495
1,5,0.121898,0.164952,0.71315
1,5.1,0.121472,0.163734,0.714794
1,5.2,0.121053,0.162522,0.716425
1,5.3,0.120638,0.161317,0.718044
1,5.4,0.12023,0.160119,0.719651
1,5.5,0.119826,0.158927,0.721247
1,5.6,0.119428,0.157742,0.72283
1,5.7,0.119035,0.156563,0.724401
1,5.8,0.118648,0.155391,0.725961
1,5.9,0.118265,0.154226,0.727509
1,6,0.117887,0.153067,0.729046
1,6.1,0.117514,0.151915,0.730571
1,6.2,0.117146,0.15077,0.732084
1,6.3,0.116783,0.149631,0.733586
1,6.4,0.116425,0.148499,0.735077
1,6.5,0.116071,0.147373,0.736556
1,6.6,0.115721,0.146254,0.738024
1,6.7,0.115376,0.145142,0.739481
1,6.8,0.115036,0.144037,0.740927
1,6.9,0.1147,0.142938,0.742362
1,7,0.114368,0.141846,0.743786
1,7.1,0.11404,0.140761,0.745199
1,7.2,0.113717,0.139682,0.746601
1,7.3,0.113397,0.13861,0.747992
1,7.4,0.113082,0.137545,0.749373
1,7.5,0.11277,0.136486,0.750743
1,7.6,0.112463,0.135434,0.752103
1,7.7,0.112159,0.134389,0.753452
1,7.8,0.111859,0.13335,0.754791
1,7.9,0.111563,0.132318,0.756119
1,8,0.111271,0.131292,0.757437
1,8.1,0.110982,0.130273,0.758745
1,8.2,0.110696,0.129261,0.760043
1,8.3,0.110415,0.128255,0.76133
1,8.4,0.110136,0.127256,0.762608
1,8.5,0.109862,0.126263,0.763875
1,8.6,0.10959,0.125277,0.765133
1,8.7,0.109322,0.124297,0.766381
1,8.8,0.109057,0.123324,0.767619
1,8.9,0.108796,0.122357,0.768847
1,9,0.108537,0.121397,0.770066
1,9.1,0.108282,0.120443,0.771275
1,9.2,0.10803,0.119495,0.772475
1,9.3,0.107781,0.118554,0.773665
1,9.4,0.107535,0.117619,0.774846
1,9.5,0.107291,0.116691,0.776018
1,9.6,0.107051,0.115769,0.77718
1,9.7,0.106814,0.114853,0.778333
1,9.8,0.10658,0.113943,0.779477
1,9.9,0.106348,0.11304,0.780612
1,10,0.106119,0.112143,0.781738
1,10.1,0.105893,0.111252,0.782855
1,10.2,0.10567,0.110368,0.783963
1,10.3,0.105449,0.109489,0.785062
1,10.4,0.105231,0.108617,0.786153
1,10.5,0.105015,0.10775,0.787235
1,10.6,0.104802,0.10689,0.788308
1,10.7,0.104592,0.106036,0.789372
1,10.8,0.104384,0.105188,0.790428
1,10.9,0.104178,0.104346,0.791476
1,11,0.103975,0.10351,0.792515
1,11.1,0.103774,0.102679,0.793546
1,11.2,0.103576,0.101855,0.794569
1,11.3,0.10338,0.101037,0.795583
1,11.4,0.103186,0.100224,0.79659
1,11.5,0.102995,0.0994174,0.797588
1,11.6,0.102805,0.0986165,0.798578
1,11.7,0.102618,0.0978214,0.79956
1,11.8,0.102433,0.097032,0.800535
1,11.9,0.102251,0.0962483,0.801501
1,12,0.10207,0.0954704,0.80246
1,12.1,0.101892,0.094698,0.80341
1,12.2,0.101715,0.0939314,0.804354
1,12.3,0.101541,0.0931703,0.805289
1,12.4,0.101368,0.0924148,0.806217
1,12.5,0.101198,0.0916648,0.807137
1,12.6,0.101029,0.0909203,0.80805
1,12.7,0.100863,0.0901814,0.808956
1,12.8,0.100698,0.0894479,0.809854
1,12.9,0.100536,0.0887198,0.810745
1,13,0.100375,0.0879971,0.811628
1,13.1,0.100216,0.0872797,0.812505
1,13.2,0.100058,0.0865677,0.813374
1,13.3,0.0999029,0.085861,0.814236
1,13.4,0.0997492,0.0851596,0.815091
1,13.5,0.0995973,0.0844635,0.815939
1,13.6,0.0994471,0.0837725,0.81678
1,13.7,0.0992986,0.0830867,0.817615
1,13.8,0.0991517,0.0824061,0.818442
1,13.9,0.0990066,0.0817306,0.819263
1,14,0.098863,0.0810602,0.820077
1,14.1,0.0987211,0.0803948,0.820884
1,14.2,0.0985808,0.0797345,0.821685
