Process,Time,S,I,R
0,0,0.310996,0.223737,0.465267
0,0.1,0.310888,0.221618,0.467494
0,0.2,0.310783,0.219517,0.4697
0,0.3,0.310682,0.217433,0.471884
0,0.4,0.310585,0.215367,0.474048
0,0.5,0.31049,0.213318,0.476192
0,0.6,0.310398,0.211287,0.478315
0,0.7,0.310309,0.209273,0.480418
0,0.8,0.310223,0.207277,0.4825
0,0.9,0.31014,0.205297,0.484563
0,1,0.310059,0.203335,0.486606
0,1.1,0.30998,0.20139,0.48863
0,1.2,0.309904,0.199461,0.490634
0,1.3,0.309831,0.19755,0.492619
0,1.4,0.309759,0.195656,0.494585
0,1.5,0.30969,0.193778,0.496532
0,1.6,0.309622,0.191917,0.498461
0,1.7,0.309557,0.190072,0.500371
0,1.8,0.309494,0.188244,0.502262
0,1.9,0.309432,0.186432,0.504136
0,2,0.309372,0.184637,0.505991
0,2.1,0.309314,0.182857,0.507829
0,2.2,0.309258,0.181094,0.509648
0,2.3,0.309203,0.179347,0.51145
0,2.4,0.309149,0.177615,0.513235
0,2.5,0.309098,0.1759,0.515003
0,2.6,0.309047,0.174199,0.516753
0,2.7,0.308998,0.172515,0.518487
0,2.8,0.30895,0.170846,0.520204
0,2.9,0.308904,0.169192,0.521904
0,3,0.308859,0.167553,0.523588
0,3.1,0.308815,0.16593,0.525255
0,3.2,0.308772,0.164321,0.526906
0,3.3,0.308731,0.162728,0.528541
0,3.4,0.30869,0.161149,0.530161
0,3.5,0.308651,0.159585,0.531764
0,3.6,0.308612,0.158035,0.533353
0,3.7,0.308575,0.1565,0.534925
0,3.8,0.308538,0.154979,0.536483
0,3.9,0.308503,0.153472,0.538025
0,4,0.308468,0.15198,0.539552
0,4.1,0.308434,0.150501,0.541065
0,4.2,0.308401,0.149036,0.542562
0,4.3,0.308369,0.147585,0.544045
0,4.4,0.308338,0.146148,0.545514
0,4.5,0.308307,0.144724,0.546968
0,4.6,0.308277,0.143314,0.548408
0,4.7,0.308248,0.141917,0.549835
0,4.8,0.30822,0.140533,0.551247
0,4.9,0.308192,0.139162,0.552645
0,5,0.308165,0.137805,0.55403
0,5.1,0.308139,0.13646,0.555401
0,5.2,0.308113,0.135128,0.556759
0,5.3,0.308088,0.133808,0.558104
0,5.4,0.308063,0.132501,0.559436
0,5.5,0.308039,0.131207,0.560754
0,5.6,0.308015,0.129925,0.56206
0,5.7,0.307993,0.128655,0.563353
0,5.8,0.30797,0.127397,0.564633
0,5.9,0.307948,0.126151,0.565901
0,6,0.307927,0.124917,0.567156
0,6.1,0.307906,0.123695,0.568399
0,6.2,0.307885,0.122485,0.56963
0,6.3,0.307865,0.121286,0.570849
0,6.4,0.307845,0.120099,0.572056
0,6.5,0.307826,0.118923,0.573251
0,6.6,0.307807,0.117758,0.574434
0,6.7,0.307789,0.116605,0.575606
0,6.8,0.307771,0.115463,0.576766
0,6.9,0.307753,0.114331,0.577915
0,7,0.307736,0.113211,0.579053
0,7.1,0.307719,0.112101,0.58018
0,7.2,0.307703,0.111002,0.581295
0,7.3,0.307686,0.109914,0.5824
0,7.4,0.30767,0.108836,0.583493
0,7.5,0.307655,0.107769,0.584576
0,7.6,0.30764,0.106712,0.585649
0,7.7,0.307625,0.105665,0.586711
0,7.8,0.30761,0.104628,0.587762
0,7.9,0.307596,0.103601,0.588803
0,8,0.307582,0.102584,0.589834
0,8.1,0.307568,0.101577,0.590855
0,8.2,0.307554,0.10058,0.591866
0,8.3,0.307541,0.0995923,0.592867
0,8.4,0.307528,0.0986142,0.593858
0,8.5,0.307515,0.0976457,0.594839
0,8.6,0.307503,0.0966865,0.595811
0,8.7,0.307491,0.0957367,0.596773
0,8.8,0.307479,0.094796,0.597725
0,8.9,0.307467,0.0938645,0.598669
0,9,0.307455,0.0929421,0.599603
0,9.1,0.307444,0.0920286,0.600527
0,9.2,0.307433,0.091124,0.601443
0,9.3,0.307422,0.0902282,0.60235
0,9.4,0.307411,0.089341,0.603248
0,9.5,0.307401,0.0884626,0.604137
0,9.6,0.30739,0.0875927,0.605017
0,9.7,0.30738,0.0867312,0.605889
0,9.8,0.30737,0.0858781,0.606752
0,9.9,0.30736,0.0850334,0.607606
0,10,0.307351,0.0841969,0.608452
0,10.1,0.307341,0.0833685,0.60929
0,10.2,0.307332,0.0825482,0.61012
0,10.3,0.307323,0.0817359,0.610941
0,10.4,0.307314,0.0809316,0.611755
0,10.5,0.307305,0.080135,0.61256
0,10.6,0.307296,0.0793463,0.613357
0,10.7,0.307288,0.0785653,0.614147
0,10.8,0.30728,0.0777918,0.614929
0,10.9,0.307271,0.077026,0.615703
0,11,0.307263,0.0762676,0.616469
0,11.1,0.307255,0.0755166,0.617228
0,11.2,0.307247,0.074773,0.61798
0,11.3,0.30724,0.0740366,0.618724
0,11.4,0.307232,0.0733074,0.61946
0,11.5,0.307225,0.0725854,0.62019
0,11.6,0.307218,0.0718704,0.620912
0,11.7,0.30721,0.0711624,0.621627
0,11.8,0.307203,0.0704614,0.622335
0,11.9,0.307196,0.0697672,0.623036
0,12,0.30719,0.0690798,0.623731
0,12.1,0.307183,0.0683991,0.624418
0,12.2,0.307176,0.0677251,0.625099
0,12.3,0.30717,0.0670577,0.625773
0,12.4,0.307163,0.0663969,0.62644
0,12.5,0.307157,0.0657425,0.627101
0,12.6,0.307151,0.0650945,0.627755
0,12.7,0.307145,0.0644529,0.628402
0,12.8,0.307139,0.0638175,0.629044
0,12.9,0.307133,0.0631884,0.629679
0,13,0.307127,0.0625655,0.630308
0,13.1,0.307121,0.0619486,0.63093
0,13.2,0.307116,0.0613379,0.631547
0,13.3,0.30711,0.0607331,0.632157
0,13.4,0.307105,0.0601342,0.632761
0,13.5,0.307099,0.0595412,0.63336
0,13.6,0.307094,0.058954,0.633952
0,13.7,0.307089,0.0583726,0.634539
0,13.8,0.307083,0.0577969,0.63512
0,13.9,0.307078,0.0572269,0.635695
0,14,0.307073,0.0566624,0.636264
0,14.1,0.307068,0.0561035,0.636828
0,14.2,0.307064,0.0555501,0.637386
0,14.3,0.307059,0.0550021,0.637939
0,14.4,0.307054,0.0544595,0.638486
0,14.5,0.30705,0.0539223,0.639028
0,14.6,0.307045,0.0533903,0.639565
0,14.7,0.30704,0.0528635,0.640096
0,14.8,0.307036,0.0523419,0.640622
0,14.9,0.307032,0.0518254,0.641143
0,15,0.307027,0.051314,0.641659
0,15.1,0.307023,0.0508077,0.642169
0,15.2,0.307019,0.0503063,0.642675
0,15.3,0.307015,0.0498098,0.643175
0,15.4,0.307011,0.0493183,0.643671
0,15.5,0.307007,0.0488315,0.644162
0,15.6,0.307003,0.0483496,0.644648
0,15.7,0.306999,0.0478724,0.645129
0,15.8,0.306995,0.0473998,0.645605
0,15.9,0.306991,0.046932,0.646077
0,16,0.306988,0.0464687,0.646544
0,16.1,0.306984,0.04601,0.647006
0,16.2,0.30698,0.0455558,0.647464
0,16.3,0.306977,0.0451061,0.647917
0,16.4,0.306973,0.0446608,0.648366
0,16.5,0.30697,0.0442198,0.64881
0,16.6,0.306966,0.0437833,0.64925
0,16.7,0.306963,0.043351,0.649686
0,16.8,0.30696,0.042923,0.650118
0,16.9,0.306956,0.0424991,0.650545
0,17,0.306953,0.0420795,0.650968
0,17.1,0.30695,0.041664,0.651386
0,17.2,0.306947,0.0412526,0.651801
0,17.3,0.306944,0.0408452,0.652211
0,17.4,0.30694,0.0404419,0.652618
0,17.5,0.306937,0.0400425,0.65302
0,17.6,0.306934,0.039647,0.653419
0,17.7,0.306931,0.0392555,0.653813
0,17.8,0.306929,0.0388678,0.654204
0,17.9,0.306926,0.0384839,0.65459
0,18,0.306923,0.0381038,0.654973
0,18.1,0.30692,0.0377274,0.655353
0,18.2,0.306917,0.0373548,0.655728
0,18.3,0.306915,0.0369858,0.6561
0,18.4,0.306912,0.0366205,0.656468
0,18.5,0.306909,0.0362588,0.656832
0,18.6,0.306907,0.0359006,0.657193
0,18.7,0.306904,0.035546,0.65755
0,18.8,0.306901,0.0351948,0.657904
0,18.9,0.306899,0.0348471,0.658254
0,19,0.306896,0.0345029,0.658601
0,19.1,0.306894,0.034162,0.658944
0,19.2,0.306891,0.0338245,0.659284
0,19.3,0.306889,0.0334903,0.659621
0,19.4,0.306887,0.0331595,0.659954
0,19.5,0.306884,0.0328318,0.660284
0,19.6,0.306882,0.0325075,0.66061
0,19.7,0.30688,0.0321863,0.660934
0,19.8,0.306878,0.0318682,0.661254
0,19.9,0.306875,0.0315534,0.661571
0,20,0.306873,0.0312416,0.661885
0,20.1,0.306871,0.0309329,0.662196
0,20.2,0.306869,0.0306272,0.662504
0,20.3,0.306867,0.0303246,0.662809
0,20.4,0.306865,0.0300249,0.66311
0,20.5,0.306863,0.0297282,0.663409
0,20.6,0.306861,0.0294344,0.663705
0,20.7,0.306859,0.0291436,0.663998
0,20.8,0.306857,0.0288556,0.664288
0,20.9,0.306855,0.0285704,0.664575
0,21,0.306853,0.028288,0.664859
0,21.1,0.306851,0.0280085,0.665141
0,21.2,0.306849,0.0277317,0.66542
0,21.3,0.306847,0.0274576,0.665695
0,21.4,0.306845,0.0271862,0.665969
0,21.5,0.306843,0.0269175,0.666239
0,21.6,0.306841,0.0266515,0.666507
0,21.7,0.30684,0.0263881,0.666772
0,21.8,0.306838,0.0261272,0.667035
0,21.9,0.306836,0.025869,0.667295
0,22,0.306835,0.0256133,0.667552
0,22.1,0.306833,0.0253601,0.667807
0,22.2,0.306831,0.0251095,0.668059
0,22.3,0.306829,0.0248613,0.668309
0,22.4,0.306828,0.0246155,0.668557
0,22.5,0.306826,0.0243722,0.668802
0,22.6,0.306825,0.0241313,0.669044
0,22.7,0.306823,0.0238927,0.669284
0,22.8,0.306822,0.0236565,0.669522
0,22.9,0.30682,0.0234227,0.669757
0,23,0.306818,0.0231911,0.66999
0,23.1,0.306817,0.0229619,0.670221
0,23.2,0.306815,0.0227349,0.67045
0,23.3,0.306814,0.0225101,0.670676
0,23.4,0.306813,0.0222876,0.6709
0,23.5,0.306811,0.0220672,0.671122
0,23.6,0.30681,0.0218491,0.671341
0,23.7,0.306808,0.0216331,0.671559
0,23.8,0.306807,0.0214192,0.671774
0,23.9,0.306806,0.0212074,0.671987
0,24,0.306804,0.0209978,0.672198
0,24.1,0.306803,0.0207902,0.672407
0,24.2,0.306802,0.0205846,0.672614
0,24.3,0.3068,0.0203811,0.672819
0,24.4,0.306799,0.0201796,0.673021
0,24.5,0.306798,0.0199801,0.673222
0,24.6,0.306796,0.0197825,0.673421
0,24.7,0.306795,0.0195869,0.673618
0,24.8,0.306794,0.0193932,0.673813
0,24.9,0.306793,0.0192015,0.674006
0,25,0.306792,0.0190116,0.674197
0,25.1,0.30679,0.0188236,0.674386
0,25.2,0.306789,0.0186375,0.674573
0,25.3,0.306788,0.0184532,0.674759
0,25.4,0.306787,0.0182708,0.674942
0,25.5,0.306786,0.0180901,0.675124
0,25.6,0.306785,0.0179112,0.675304
0,25.7,0.306783,0.0177341,0.675482
0,25.8,0.306782,0.0175587,0.675659
0,25.9,0.306781,0.0173851,0.675834
0,26,0.30678,0.0172132,0.676007
0,26.1,0.306779,0.017043,0.676178
0,26.2,0.306778,0.0168744,0.676347
0,26.3,0.306777,0.0167076,0.676515
0,26.4,0.306776,0.0165423,0.676682
0,26.5,0.306775,0.0163788,0.676846
0,26.6,0.306774,0.0162168,0.677009
0,26.7,0.306773,0.0160564,0.677171
0,26.8,0.306772,0.0158976,0.67733
0,26.9,0.306771,0.0157404,0.677489
0,27,0.30677,0.0155847,0.677645
0,27.1,0.306769,0.0154306,0.6778
0,27.2,0.306768,0.015278,0.677954
0,27.3,0.306767,0.0151269,0.678106
0,27.4,0.306766,0.0149773,0.678256
0,27.5,0.306765,0.0148292,0.678405
0,27.6,0.306765,0.0146825,0.678553
0,27.7,0.306764,0.0145373,0.678699
0,27.8,0.306763,0.0143935,0.678844
0,27.9,0.306762,0.0142512,0.678987
0,28,0.306761,0.0141102,0.679129
0,28.1,0.30676,0.0139707,0.679269
0,28.2,0.306759,0.0138325,0.679408
0,28.3,0.306759,0.0136957,0.679546
0,28.4,0.306758,0.0135602,0.679682
0,28.5,0.306757,0.0134261,0.679817
0,28.6,0.306756,0.0132933,0.679951
0,28.7,0.306755,0.0131619,0.680083
0,28.8,0.306755,0.0130317,0.680214
0,28.9,0.306754,0.0129028,0.680343
0,29,0.306753,0.0127752,0.680472
0,29.1,0.306752,0.0126488,0.680599
0,29.2,0.306751,0.0125237,0.680725
0,29.3,0.306751,0.0123998,0.680849
0,29.4,0.30675,0.0122772,0.680973
0,29.5,0.306749,0.0121557,0.681095
0,29.6,0.306749,0.0120355,0.681216
0,29.7,0.306748,0.0119165,0.681336
0,29.8,0.306747,0.0117986,0.681454
0,29.9,0.306746,0.0116819,0.681572
0,30,0.306746,0.0115663,0.681688
0,30.1,0.306745,0.0114519,0.681803
0,30.2,0.306744,0.0113387,0.681917
0,30.3,0.306744,0.0112265,0.68203
0,30.4,0.306743,0.0111155,0.682142
0,30.5,0.306742,0.0110055,0.682252
0,30.6,0.306742,0.0108966,0.682362
0,30.7,0.306741,0.0107889,0.68247
0,30.8,0.30674,0.0106821,0.682577
0,30.9,0.30674,0.0105765,0.682684
0,31,0.306739,0.0104718,0.682789
0,31.1,0.306739,0.0103683,0.682893
0,31.2,0.306738,0.0102657,0.682996
0,31.3,0.306737,0.0101641,0.683098
0,31.4,0.306737,0.0100636,0.6832
0,31.5,0.306736,0.00996405,0.6833
0,31.6,0.306736,0.00986548,0.683399
0,31.7,0.306735,0.00976789,0.683497
0,31.8,0.306734,0.00967127,0.683594
0,31.9,0.306734,0.00957559,0.68369
0,32,0.306733,0.00948087,0.683786
0,32.1,0.306733,0.00938708,0.68388
0,32.2,0.306732,0.00929422,0.683973
0,32.3,0.306732,0.00920228,0.684066
0,32.4,0.306731,0.00911124,0.684158
0,32.5,0.306731,0.00902111,0.684248
0,32.6,0.30673,0.00893187,0.684338
0,32.7,0.30673,0.00884351,0.684427
0,32.8,0.306729,0.00875602,0.684515
0,32.9,0.306729,0.0086694,0.684602
0,33,0.306728,0.00858364,0.684688
0,33.1,0.306728,0.00849872,0.684774
0,33.2,0.306727,0.00841465,0.684858
0,33.3,0.306727,0.0083314,0.684942
0,33.4,0.306726,0.00824898,0.685025
0,33.5,0.306726,0.00816737,0.685107
0,33.6,0.306725,0.00808658,0.685188
0,33.7,0.306725,0.00800657,0.685269
0,33.8,0.306724,0.00792737,0.685348
0,33.9,0.306724,0.00784894,0.685427
0,34,0.306723,0.00777129,0.685505
0,34.1,0.306723,0.00769441,0.685583
0,34.2,0.306723,0.00761829,0.685659
0,34.3,0.306722,0.00754292,0.685735
0,34.4,0.306722,0.00746829,0.68581
0,34.5,0.306721,0.00739441,0.685884
0,34.6,0.306721,0.00732125,0.685958
0,34.7,0.30672,0.00724882,0.686031
0,34.8,0.30672,0.00717711,0.686103
0,34.9,0.30672,0.0071061,0.686174
0,35,0.306719,0.0070358,0.686245
0,35.1,0.306719,0.00696619,0.686315
0,35.2,0.306718,0.00689727,0.686384
0,35.3,0.306718,0.00682903,0.686453
0,35.4,0.306718,0.00676147,0.686521
0,35.5,0.306717,0.00669457,0.686588
0,35.6,0.306717,0.00662834,0.686655
0,35.7,0.306716,0.00656276,0.686721
0,35.8,0.306716,0.00649783,0.686786
0,35.9,0.306716,0.00643355,0.686851
0,36,0.306715,0.0063699,0.686915
0,36.1,0.306715,0.00630687,0.686978
0,36.2,0.306715,0.00624448,0.687041
0,36.3,0.306714,0.00618269,0.687103
0,36.4,0.306714,0.00612152,0.687165
0,36.5,0.306714,0.00606096,0.687225
0,36.6,0.306713,0.00600099,0.687286
0,36.7,0.306713,0.00594162,0.687346
0,36.8,0.306713,0.00588283,0.687405
0,36.9,0.306712,0.00582463,0.687463
0,37,0.306712,0.005767,0.687521
0,37.1,0.306712,0.00570994,0.687579
0,37.2,0.306711,0.00565345,0.687635
0,37.3,0.306711,0.00559752,0.687692
0,37.4,0.306711,0.00554213,0.687747
0,37.5,0.30671,0.0054873,0.687802
0,37.6,0.30671,0.00543301,0.687857
0,37.7,0.30671,0.00537925,0.687911
0,37.8,0.306709,0.00532603,0.687965
0,37.9,0.306709,0.00527333,0.688018
0,38,0.306709,0.00522116,0.68807
0,38.1,0.306708,0.0051695,0.688122
0,38.2,0.306708,0.00511835,0.688173
0,38.3,0.306708,0.00506771,0.688224
0,38.4,0.306708,0.00501757,0.688275
0,38.5,0.306707,0.00496793,0.688325
0,38.6,0.306707,0.00491877,0.688374
0,38.7,0.306707,0.0048701,0.688423
0,38.8,0.306706,0.00482192,0.688472
0,38.9,0.306706,0.00477421,0.68852
0,39,0.306706,0.00472697,0.688567
0,39.1,0.306706,0.0046802,0.688614
0,39.2,0.306705,0.00463389,0.688661
0,39.3,0.306705,0.00458804,0.688707
0,39.4,0.306705,0.00454265,0.688752
0,39.5,0.306705,0.0044977,0.688798
0,39.6,0.306704,0.0044532,0.688842
0,39.7,0.306704,0.00440914,0.688887
0,39.8,0.306704,0.00436551,0.688931
0,39.9,0.306704,0.00432232,0.688974
0,40,0.306703,0.00427955,0.689017
0,40.1,0.306703,0.00423721,0.68906
0,40.2,0.306703,0.00419528,0.689102
0,40.3,0.306703,0.00415377,0.689144
0,40.4,0.306702,0.00411267,0.689185
0,40.5,0.306702,0.00407198,0.689226
0,40.6,0.306702,0.00403169,0.689266
0,40.7,0.306702,0.0039918,0.689306
0,40.8,0.306702,0.0039523,0.689346
0,40.9,0.306701,0.00391319,0.689385
0,41,0.306701,0.00387447,0.689424
0,41.1,0.306701,0.00383614,0.689463
0,41.2,0.306701,0.00379818,0.689501
0,41.3,0.3067,0.0037606,0.689539
0,41.4,0.3067,0.00372339,0.689576
0,41.5,0.3067,0.00368655,0.689613
0,41.6,0.3067,0.00365007,0.68965
0,41.7,0.3067,0.00361395,0.689686
0,41.8,0.306699,0.00357819,0.689722
0,41.9,0.306699,0.00354279,0.689758
0,42,0.306699,0.00350773,0.689793
0,42.1,0.306699,0.00347302,0.689828
0,42.2,0.306699,0.00343866,0.689863
0,42.3,0.306698,0.00340463,0.689897
0,42.4,0.306698,0.00337095,0.689931
0,42.5,0.306698,0.00333759,0.689964
0,42.6,0.306698,0.00330457,0.689998
0,42.7,0.306698,0.00327187,0.69003
0,42.8,0.306698,0.00323949,0.690063
0,42.9,0.306697,0.00320744,0.690095
0,43,0.306697,0.0031757,0.690127
0,43.1,0.306697,0.00314428,0.690159
0,43.2,0.306697,0.00311317,0.69019
0,43.3,0.306697,0.00308236,0.690221
0,43.4,0.306696,0.00305186,0.690252
0,43.5,0.306696,0.00302167,0.690282
0,43.6,0.306696,0.00299177,0.690312
0,43.7,0.306696,0.00296216,0.690342
0,43.8,0.306696,0.00293285,0.690371
0,43.9,0.306696,0.00290383,0.690401
0,44,0.306696,0.0028751,0.690429
0,44.1,0.306695,0.00284665,0.690458
0,44.2,0.306695,0.00281848,0.690486
0,44.3,0.306695,0.00279059,0.690514
0,44.4,0.306695,0.00276298,0.690542
0,44.5,0.306695,0.00273564,0.69057
0,44.6,0.306695,0.00270857,0.690597
0,44.7,0.306694,0.00268177,0.690624
0,44.8,0.306694,0.00265523,0.69065
0,44.9,0.306694,0.00262896,0.690677
0,45,0.306694,0.00260295,0.690703
0,45.1,0.306694,0.00257719,0.690729
0,45.2,0.306694,0.00255169,0.690755
0,45.3,0.306694,0.00252644,0.69078
0,45.4,0.306693,0.00250144,0.690805
0,45.5,0.306693,0.00247669,0.69083
0,45.6,0.306693,0.00245218,0.690855
0,45.7,0.306693,0.00242792,0.690879
0,45.8,0.306693,0.00240389,0.690903
0,45.9,0.306693,0.00238011,0.690927
0,46,0.306693,0.00235655,0.690951
0,46.1,0.306692,0.00233324,0.690974
0,46.2,0.306692,0.00231015,0.690998
0,46.3,0.306692,0.00228729,0.691021
0,46.4,0.306692,0.00226466,0.691043
0,46.5,0.306692,0.00224225,0.691066
0,46.6,0.306692,0.00222006,0.691088
0,46.7,0.306692,0.00219809,0.69111
0,46.8,0.306692,0.00217634,0.691132
0,46.9,0.306691,0.00215481,0.691154
0,47,0.306691,0.00213348,0.691175
0,47.1,0.306691,0.00211237,0.691196
0,47.2,0.306691,0.00209147,0.691217
0,47.3,0.306691,0.00207077,0.691238
0,47.4,0.306691,0.00205028,0.691259
0,47.5,0.306691,0.00203,0.691279
0,47.6,0.306691,0.00200991,0.691299
0,47.7,0.306691,0.00199002,0.691319
0,47.8,0.30669,0.00197033,0.691339
0,47.9,0.30669,0.00195083,0.691359
0,48,0.30669,0.00193153,0.691378
0,48.1,0.30669,0.00191241,0.691397
0,48.2,0.30669,0.00189349,0.691416
0,48.3,0.30669,0.00187475,0.691435
0,48.4,0.30669,0.0018562,0.691454
0,48.5,0.30669,0.00183784,0.691472
0,48.6,0.30669,0.00181965,0.691491
0,48.7,0.306689,0.00180164,0.691509
0,48.8,0.306689,0.00178382,0.691527
0,48.9,0.306689,0.00176616,0.691545
0,49,0.306689,0.00174869,0.691562
0,49.1,0.306689,0.00173138,0.69158
0,49.2,0.306689,0.00171425,0.691597
0,49.3,0.306689,0.00169729,0.691614
0,49.4,0.306689,0.00168049,0.691631
0,49.5,0.306689,0.00166386,0.691647
0,49.6,0.306689,0.0016474,0.691664
0,49.7,0.306689,0.0016311,0.69168
0,49.8,0.306688,0.00161496,0.691697
0,49.9,0.306688,0.00159898,0.691713
0,50,0.306688,0.00158316,0.691729
0,50.1,0.306688,0.00156749,0.691744
0,50.2,0.306688,0.00155198,0.69176
0,50.3,0.306688,0.00153662,0.691775
0,50.4,0.306688,0.00152142,0.691791
0,50.5,0.306688,0.00150636,0.691806
0,50.6,0.306688,0.00149146,0.691821
0,50.7,0.306688,0.0014767,0.691836
0,50.8,0.306688,0.00146208,0.69185
0,50.9,0.306688,0.00144762,0.691865
0,51,0.306687,0.00143329,0.691879
0,51.1,0.306687,0.00141911,0.691894
0,51.2,0.306687,0.00140507,0.691908
0,51.3,0.306687,0.00139116,0.691922
0,51.4,0.306687,0.0013774,0.691935
0,51.5,0.306687,0.00136377,0.691949
0,51.6,0.306687,0.00135027,0.691963
0,51.7,0.306687,0.00133691,0.691976
0,51.8,0.306687,0.00132368,0.691989
0,51.9,0.306687,0.00131058,0.692003
0,52,0.306687,0.00129761,0.692016
0,52.1,0.306687,0.00128477,0.692029
0,52.2,0.306687,0.00127206,0.692041
0,52.3,0.306686,0.00125947,0.692054
0,52.4,0.306686,0.00124701,0.692067
0,52.5,0.306686,0.00123467,0.692079
0,52.6,0.306686,0.00122245,0.692091
0,52.7,0.306686,0.00121036,0.692103
0,52.8,0.306686,0.00119838,0.692115
0,52.9,0.306686,0.00118652,0.692127
0,53,0.306686,0.00117478,0.692139
0,53.1,0.306686,0.00116316,0.692151
0,53.2,0.306686,0.00115165,0.692162
0,53.3,0.306686,0.00114025,0.692174
0,53.4,0.306686,0.00112897,0.692185
0,53.5,0.306686,0.00111779,0.692197
0,53.6,0.306686,0.00110673,0.692208
0,53.7,0.306686,0.00109578,0.692219
0,53.8,0.306686,0.00108494,0.69223
0,53.9,0.306685,0.0010742,0.69224
0,54,0.306685,0.00106357,0.692251
0,54.1,0.306685,0.00105305,0.692262
0,54.2,0.306685,0.00104263,0.692272
0,54.3,0.306685,0.00103231,0.692282
0,54.4,0.306685,0.0010221,0.692293
0,54.5,0.306685,0.00101198,0.692303
0,54.6,0.306685,0.00100197,0.692313
0,54.7,0.306685,0.000992053,0.692323
0,54.8,0.306685,0.000982236,0.692333
0,54.9,0.306685,0.000972517,0.692343
0,55,0.306685,0.000962893,0.692352
0,55.1,0.306685,0.000953365,0.692362
0,55.2,0.306685,0.000943931,0.692371
0,55.3,0.306685,0.000934591,0.692381
0,55.4,0.306685,0.000925342,0.69239
0,55.5,0.306685,0.000916186,0.692399
0,55.6,0.306685,0.00090712,0.692408
0,55.7,0.306684,0.000898143,0.692417
0,55.8,0.306684,0.000889256,0.692426
0,55.9,0.306684,0.000880456,0.692435
0,56,0.306684,0.000871744,0.692444
0,56.1,0.306684,0.000863118,0.692453
0,56.2,0.306684,0.000854577,0.692461
0,56.3,0.306684,0.00084612,0.69247
0,56.4,0.306684,0.000837748,0.692478
0,56.5,0.306684,0.000829458,0.692486
0,56.6,0.306684,0.00082125,0.692495
0,56.7,0.306684,0.000813123,0.692503
0,56.8,0.306684,0.000805077,0.692511
0,56.9,0.306684,0.000797111,0.692519
0,57,0.306684,0.000789223,0.692527
0,57.1,0.306684,0.000781413,0.692535
0,57.2,0.306684,0.000773681,0.692543
0,57.3,0.306684,0.000766025,0.69255
0,57.4,0.306684,0.000758445,0.692558
0,57.5,0.306684,0.00075094,0.692565
0,57.6,0.306684,0.000743509,0.692573
0,57.7,0.306684,0.000736152,0.69258
0,57.8,0.306684,0.000728867,0.692588
0,57.9,0.306683,0.000721655,0.692595
0,58,0.306683,0.000714514,0.692602
0,58.1,0.306683,0.000707443,0.692609
0,58.2,0.306683,0.000700443,0.692616
0,58.3,0.306683,0.000693512,0.692623
0,58.4,0.306683,0.000686649,0.69263
0,58.5,0.306683,0.000679854,0.692637
0,58.6,0.306683,0.000673127,0.692644
0,58.7,0.306683,0.000666466,0.69265
0,58.8,0.306683,0.000659871,0.692657
0,58.9,0.306683,0.000653342,0.692664
0,59,0.306683,0.000646877,0.69267
0,59.1,0.306683,0.000640475,0.692676
0,59.2,0.306683,0.000634138,0.692683
0,59.3,0.306683,0.000627863,0.692689
0,59.4,0.306683,0.00062165,0.692695
0,59.5,0.306683,0.000615498,0.692702
0,59.6,0.306683,0.000609408,0.692708
0,59.7,0.306683,0.000603377,0.692714
0,59.8,0.306683,0.000597407,0.69272
0,59.9,0.306683,0.000591495,0.692726
0,60,0.306683,0.000585642,0.692732
0,60.1,0.306683,0.000579847,0.692737
0,60.2,0.306683,0.000574109,0.692743
0,60.3,0.306683,0.000568428,0.692749
0,60.4,0.306683,0.000562803,0.692755
0,60.5,0.306683,0.000557234,0.69276
0,60.6,0.306683,0.00055172,0.692766
0,60.7,0.306683,0.000546261,0.692771
0,60.8,0.306682,0.000540855,0.692777
0,60.9,0.306682,0.000535503,0.692782
0,61,0.306682,0.000530204,0.692787
0,61.1,0.306682,0.000524958,0.692793
0,61.2,0.306682,0.000519763,0.692798
0,61.3,0.306682,0.00051462,0.692803
0,61.4,0.306682,0.000509527,0.692808
0,61.5,0.306682,0.000504486,0.692813
0,61.6,0.306682,0.000499493,0.692818
0,61.7,0.306682,0.000494551,0.692823
0,61.8,0.306682,0.000489657,0.692828
0,61.9,0.306682,0.000484812,0.692833
0,62,0.306682,0.000480014,0.692838
0,62.1,0.306682,0.000475264,0.692843
0,62.2,0.306682,0.000470562,0.692847
0,62.3,0.306682,0.000465905,0.692852
0,62.4,0.306682,0.000461295,0.692857
0,62.5,0.306682,0.00045673,0.692861
0,62.6,0.306682,0.000452211,0.692866
0,62.7,0.306682,0.000447736,0.69287
0,62.8,0.306682,0.000443305,0.692875
0,62.9,0.306682,0.000438919,0.692879
0,63,0.306682,0.000434576,0.692884
0,63.1,0.306682,0.000430275,0.692888
0,63.2,0.306682,0.000426018,0.692892
0,63.3,0.306682,0.000421802,0.692896
0,63.4,0.306682,0.000417628,0.692901
0,63.5,0.306682,0.000413496,0.692905
0,63.6,0.306682,0.000409404,0.692909
0,63.7,0.306682,0.000405353,0.692913
0,63.8,0.306682,0.000401342,0.692917
0,63.9,0.306682,0.00039737,0.692921
0,64,0.306682,0.000393438,0.692925
0,64.1,0.306682,0.000389545,0.692929
0,64.2,0.306682,0.00038569,0.692933
0,64.3,0.306682,0.000381874,0.692937
0,64.4,0.306682,0.000378095,0.69294
0,64.5,0.306682,0.000374354,0.692944
0,64.6,0.306682,0.000370649,0.692948
0,64.7,0.306682,0.000366982,0.692952
0,64.8,0.306681,0.00036335,0.692955
0,64.9,0.306681,0.000359755,0.692959
0,65,0.306681,0.000356195,0.692962
0,65.1,0.306681,0.00035267,0.692966
0,65.2,0.306681,0.000349181,0.692969
0,65.3,0.306681,0.000345725,0.692973
0,65.4,0.306681,0.000342304,0.692976
0,65.5,0.306681,0.000338917,0.69298
0,65.6,0.306681,0.000335563,0.692983
0,65.7,0.306681,0.000332243,0.692986
0,65.8,0.306681,0.000328955,0.69299
0,65.9,0.306681,0.0003257,0.692993
0,66,0.306681,0.000322477,0.692996
0,66.1,0.306681,0.000319286,0.692999
0,66.2,0.306681,0.000316127,0.693003
0,66.3,0.306681,0.000312999,0.693006
0,66.4,0.306681,0.000309901,0.693009
0,66.5,0.306681,0.000306835,0.693012
0,66.6,0.306681,0.000303799,0.693015
0,66.7,0.306681,0.000300793,0.693018
0,66.8,0.306681,0.000297816,0.693021
0,66.9,0.306681,0.000294869,0.693024
0,67,0.306681,0.000291951,0.693027
0,67.1,0.306681,0.000289062,0.69303
0,67.2,0.306681,0.000286202,0.693033
0,67.3,0.306681,0.00028337,0.693036
0,67.4,0.306681,0.000280566,0.693038
0,67.5,0.306681,0.00027779,0.693041
0,67.6,0.306681,0.000275041,0.693044
0,67.7,0.306681,0.000272319,0.693047
0,67.8,0.306681,0.000269625,0.693049
0,67.9,0.306681,0.000266957,0.693052
0,68,0.306681,0.000264315,0.693055
0,68.1,0.306681,0.0002617,0.693057
0,68.2,0.306681,0.00025911,0.69306
0,68.3,0.306681,0.000256546,0.693063
0,68.4,0.306681,0.000254008,0.693065
0,68.5,0.306681,0.000251494,0.693068
0,68.6,0.306681,0.000249006,0.69307
0,68.7,0.306681,0.000246542,0.693073
0,68.8,0.306681,0.000244102,0.693075
0,68.9,0.306681,0.000241687,0.693077
0,69,0.306681,0.000239295,0.69308
0,69.1,0.306681,0.000236927,0.693082
0,69.2,0.306681,0.000234583,0.693085
0,69.3,0.306681,0.000232262,0.693087
0,69.4,0.306681,0.000229963,0.693089
0,69.5,0.306681,0.000227688,0.693092
0,69.6,0.306681,0.000225435,0.693094
0,69.7,0.306681,0.000223204,0.693096
0,69.8,0.306681,0.000220995,0.693098
0,69.9,0.306681,0.000218809,0.693101
0,70,0.306681,0.000216644,0.693103
0,70.1,0.306681,0.0002145,0.693105
0,70.2,0.306681,0.000212377,0.693107
0,70.3,0.306681,0.000210276,0.693109
0,70.4,0.306681,0.000208195,0.693111
0,70.5,0.306681,0.000206135,0.693113
0,70.6,0.306681,0.000204095,0.693115
0,70.7,0.306681,0.000202076,0.693117
0,70.8,0.306681,0.000200076,0.693119
0,70.9,0.306681,0.000198096,0.693121
0,71,0.306681,0.000196136,0.693123
0,71.1,0.306681,0.000194195,0.693125
0,71.2,0.306681,0.000192274,0.693127
0,71.3,0.306681,0.000190371,0.693129
0,71.4,0.306681,0.000188488,0.693131
0,71.5,0.306681,0.000186622,0.693133
0,71.6,0.30668,0.000184776,0.693135
0,71.7,0.30668,0.000182947,0.693137
0,71.8,0.30668,0.000181137,0.693138
0,71.9,0.30668,0.000179345,0.69314
0,72,0.30668,0.00017757,0.693142
0,72.1,0.30668,0.000175813,0.693144
0,72.2,0.30668,0.000174073,0.693145
0,72.3,0.30668,0.000172351,0.693147
0,72.4,0.30668,0.000170645,0.693149
0,72.5,0.30668,0.000168957,0.693151
0,72.6,0.30668,0.000167285,0.693152
0,72.7,0.30668,0.00016563,0.693154
0,72.8,0.30668,0.000163991,0.693156
0,72.9,0.30668,0.000162368,0.693157
0,73,0.30668,0.000160762,0.693159
0,73.1,0.30668,0.000159171,0.69316
0,73.2,0.30668,0.000157596,0.693162
0,73.3,0.30668,0.000156036,0.693164
0,73.4,0.30668,0.000154492,0.693165
0,73.5,0.30668,0.000152964,0.693167
0,73.6,0.30668,0.00015145,0.693168
0,73.7,0.30668,0.000149951,0.69317
0,73.8,0.30668,0.000148468,0.693171
0,73.9,0.30668,0.000146999,0.693173
0,74,0.30668,0.000145544,0.693174
0,74.1,0.30668,0.000144104,0.693176
0,74.2,0.30668,0.000142678,0.693177
0,74.3,0.30668,0.000141266,0.693178
0,74.4,0.30668,0.000139868,0.69318
0,74.5,0.30668,0.000138484,0.693181
0,74.6,0.30668,0.000137114,0.693183
0,74.7,0.30668,0.000135757,0.693184
0,74.8,0.30668,0.000134414,0.693185
0,74.9,0.30668,0.000133084,0.693187
0,75,0.30668,0.000131767,0.693188
0,75.1,0.30668,0.000130463,0.693189
0,75.2,0.30668,0.000129172,0.693191
0,75.3,0.30668,0.000127894,0.693192
0,75.4,0.30668,0.000126629,0.693193
0,75.5,0.30668,0.000125376,0.693194
0,75.6,0.30668,0.000124135,0.693196
0,75.7,0.30668,0.000122907,0.693197
0,75.8,0.30668,0.000121691,0.693198
0,75.9,0.30668,0.000120487,0.693199
0,76,0.30668,0.000119294,0.693201
0,76.1,0.30668,0.000118114,0.693202
0,76.2,0.30668,0.000116945,0.693203
0,76.3,0.30668,0.000115788,0.693204
0,76.4,0.30668,0.000114642,0.693205
0,76.5,0.30668,0.000113508,0.693206
0,76.6,0.30668,0.000112385,0.693208
0,76.7,0.30668,0.000111273,0.693209
0,76.8,0.30668,0.000110172,0.69321
0,76.9,0.30668,0.000109082,0.693211
0,77,0.30668,0.000108002,0.693212
0,77.1,0.30668,0.000106934,0.693213
0,77.2,0.30668,0.000105875,0.693214
0,77.3,0.30668,0.000104828,0.693215
0,77.4,0.30668,0.000103791,0.693216
0,77.5,0.30668,0.000102764,0.693217
0,77.6,0.30668,0.000101747,0.693218
0,77.7,0.30668,0.00010074,0.693219
0,77.8,0.30668,9.97431e-05,0.69322
0,77.9,0.30668,9.87562e-05,0.693221
0,78,0.30668,9.7779e-05,0.693222
0,78.1,0.30668,9.68115e-05,0.693223
0,78.2,0.30668,9.58536e-05,0.693224
0,78.3,0.30668,9.49051e-05,0.693225
0,78.4,0.30668,9.3966e-05,0.693226
0,78.5,0.30668,9.30363e-05,0.693227
0,78.6,0.30668,9.21157e-05,0.693228
0,78.7,0.30668,9.12042e-05,0.693229
0,78.8,0.30668,9.03018e-05,0.69323
0,78.9,0.30668,8.94082e-05,0.693231
0,79,0.30668,8.85236e-05,0.693232
0,79.1,0.30668,8.76476e-05,0.693232
0,79.2,0.30668,8.67804e-05,0.693233
0,79.3,0.30668,8.59217e-05,0.693234
0,79.4,0.30668,8.50715e-05,0.693235
0,79.5,0.30668,8.42297e-05,0.693236
0,79.6,0.30668,8.33963e-05,0.693237
0,79.7,0.30668,8.25711e-05,0.693238
0,79.8,0.30668,8.17541e-05,0.693238
0,79.9,0.30668,8.09451e-05,0.693239
0,80,0.30668,8.01442e-05,0.69324
0,80.1,0.30668,7.93512e-05,0.693241
0,80.2,0.30668,7.8566e-05,0.693242
0,80.3,0.30668,7.77886e-05,0.693242
0,80.4,0.30668,7.70189e-05,0.693243
0,80.5,0.30668,7.62569e-05,0.693244
0,80.6,0.30668,7.55023e-05,0.693245
0,80.7,0.30668,7.47552e-05,0.693245
0,80.8,0.30668,7.40155e-05,0.693246
0,80.9,0.30668,7.32832e-05,0.693247
0,81,0.30668,7.25581e-05,0.693248
0,81.1,0.30668,7.18401e-05,0.693248
0,81.2,0.30668,7.11293e-05,0.693249
0,81.3,0.30668,7.04255e-05,0.69325
0,81.4,0.30668,6.97286e-05,0.69325
0,81.5,0.30668,6.90387e-05,0.693251
0,81.6,0.30668,6.83556e-05,0.693252
0,81.7,0.30668,6.76792e-05,0.693252
0,81.8,0.30668,6.70095e-05,0.693253
0,81.9,0.30668,6.63465e-05,0.693254
0,82,0.30668,6.569e-05,0.693254
0,82.1,0.30668,6.504e-05,0.693255
0,82.2,0.30668,6.43965e-05,0.693256
0,82.3,0.30668,6.37593e-05,0.693256
0,82.4,0.30668,6.31284e-05,0.693257
0,82.5,0.30668,6.25038e-05,0.693258
0,82.6,0.30668,6.18853e-05,0.693258
0,82.7,0.30668,6.1273e-05,0.693259
0,82.8,0.30668,6.06667e-05,0.69326
0,82.9,0.30668,6.00664e-05,0.69326
0,83,0.30668,5.94721e-05,0.693261
0,83.1,0.30668,5.88836e-05,0.693261
0,83.2,0.30668,5.8301e-05,0.693262
0,83.3,0.30668,5.77241e-05,0.693262
0,83.4,0.30668,5.7153e-05,0.693263
0,83.5,0.30668,5.65875e-05,0.693264
0,83.6,0.30668,5.60275e-05,0.693264
0,83.7,0.30668,5.54732e-05,0.693265
0,83.8,0.30668,5.49243e-05,0.693265
0,83.9,0.30668,5.43808e-05,0.693266
0,84,0.30668,5.38427e-05,0.693266
0,84.1,0.30668,5.331e-05,0.693267
0,84.2,0.30668,5.27825e-05,0.693267
0,84.3,0.30668,5.22602e-05,0.693268
0,84.4,0.30668,5.17431e-05,0.693269
0,84.5,0.30668,5.12312e-05,0.693269
0,84.6,0.30668,5.07243e-05,0.69327
0,84.7,0.30668,5.02224e-05,0.69327
0,84.8,0.30668,4.97254e-05,0.693271
0,84.9,0.30668,4.92334e-05,0.693271
0,85,0.30668,4.87463e-05,0.693272
0,85.1,0.30668,4.82639e-05,0.693272
0,85.2,0.30668,4.77864e-05,0.693272
0,85.3,0.30668,4.73136e-05,0.693273
0,85.4,0.30668,4.68454e-05,0.693273
0,85.5,0.30668,4.63819e-05,0.693274
0,85.6,0.30668,4.5923e-05,0.693274
0,85.7,0.30668,4.54686e-05,0.693275
0,85.8,0.30668,4.50187e-05,0.693275
0,85.9,0.30668,4.45732e-05,0.693276
0,86,0.30668,4.41322e-05,0.693276
0,86.1,0.30668,4.36955e-05,0.693277
0,86.2,0.30668,4.32632e-05,0.693277
0,86.3,0.30668,4.28351e-05,0.693277
0,86.4,0.30668,4.24113e-05,0.693278
0,86.5,0.30668,4.19917e-05,0.693278
0,86.6,0.30668,4.15762e-05,0.693279
0,86.7,0.30668,4.11648e-05,0.693279
0,86.8,0.30668,4.07575e-05,0.69328
0,86.9,0.30668,4.03542e-05,0.69328
0,87,0.30668,3.99549e-05,0.69328
0,87.1,0.30668,3.95596e-05,0.693281
0,87.2,0.30668,3.91682e-05,0.693281
0,87.3,0.30668,3.87806e-05,0.693282
0,87.4,0.30668,3.83969e-05,0.693282
0,87.5,0.30668,3.8017e-05,0.693282
0,87.6,0.30668,3.76408e-05,0.693283
0,87.7,0.30668,3.72684e-05,0.693283
0,87.8,0.30668,3.68996e-05,0.693283
0,87.9,0.30668,3.65345e-05,0.693284
0,88,0.30668,3.6173e-05,0.693284
0,88.1,0.30668,3.58151e-05,0.693285
0,88.2,0.30668,3.54607e-05,0.693285
0,88.3,0.30668,3.51099e-05,0.693285
0,88.4,0.30668,3.47625e-05,0.693286
0,88.5,0.30668,3.44185e-05,0.693286
0,88.6,0.30668,3.4078e-05,0.693286
0,88.7,0.30668,3.37408e-05,0.693287
0,88.8,0.30668,3.34069e-05,0.693287
0,88.9,0.30668,3.30764e-05,0.693287
0,89,0.30668,3.27491e-05,0.693288
0,89.1,0.30668,3.24251e-05,0.693288
0,89.2,0.30668,3.21043e-05,0.693288
0,89.3,0.30668,3.17866e-05,0.693289
0,89.4,0.30668,3.14721e-05,0.693289
0,89.5,0.30668,3.11607e-05,0.693289
0,89.6,0.30668,3.08524e-05,0.69329
0,89.7,0.30668,3.05471e-05,0.69329
0,89.8,0.30668,3.02449e-05,0.69329
0,89.9,0.30668,2.99456e-05,0.69329
0,90,0.30668,2.96493e-05,0.693291
0,90.1,0.30668,2.9356e-05,0.693291
0,90.2,0.30668,2.90655e-05,0.693291
0,90.3,0.30668,2.87779e-05,0.693292
0,90.4,0.30668,2.84932e-05,0.693292
0,90.5,0.30668,2.82113e-05,0.693292
0,90.6,0.30668,2.79321e-05,0.693292
0,90.7,0.30668,2.76558e-05,0.693293
0,90.8,0.30668,2.73821e-05,0.693293
0,90.9,0.30668,2.71112e-05,0.693293
0,91,0.30668,2.68429e-05,0.693294
0,91.1,0.30668,2.65773e-05,0.693294
0,91.2,0.30668,2.63144e-05,0.693294
0,91.3,0.30668,2.6054e-05,0.693294
0,91.4,0.30668,2.57962e-05,0.693295
0,91.5,0.30668,2.5541e-05,0.693295
0,91.6,0.30668,2.52883e-05,0.693295
0,91.7,0.30668,2.50381e-05,0.693295
0,91.8,0.30668,2.47903e-05,0.693296
0,91.9,0.30668,2.45451e-05,0.693296
0,92,0.30668,2.43022e-05,0.693296
0,92.1,0.30668,2.40617e-05,0.693296
0,92.2,0.30668,2.38237e-05,0.693297
0,92.3,0.30668,2.35879e-05,0.693297
0,92.4,0.30668,2.33546e-05,0.693297
0,92.5,0.30668,2.31235e-05,0.693297
0,92.6,0.30668,2.28947e-05,0.693298
0,92.7,0.30668,2.26682e-05,0.693298
0,92.8,0.30668,2.24439e-05,0.693298
0,92.9,0.30668,2.22218e-05,0.693298
0,93,0.30668,2.20019e-05,0.693298
0,93.1,0.30668,2.17843e-05,0.693299
0,93.2,0.30668,2.15687e-05,0.693299
0,93.3,0.30668,2.13553e-05,0.693299
0,93.4,0.30668,2.1144e-05,0.693299
0,93.5,0.30668,2.09348e-05,0.693299
0,93.6,0.30668,2.07277e-05,0.6933
0,93.7,0.30668,2.05226e-05,0.6933
0,93.8,0.30668,2.03195e-05,0.6933
0,93.9,0.30668,2.01185e-05,0.6933
0,94,0.30668,1.99194e-05,0.693301
0,94.1,0.30668,1.97223e-05,0.693301
0,94.2,0.30668,1.95272e-05,0.693301
0,94.3,0.30668,1.9334e-05,0.693301
0,94.4,0.30668,1.91427e-05,0.693301
0,94.5,0.30668,1.89533e-05,0.693301
0,94.6,0.30668,1.87658e-05,0.693302
0,94.7,0.30668,1.85801e-05,0.693302
0,94.8,0.30668,1.83963e-05,0.693302
0,94.9,0.30668,1.82142e-05,0.693302
0,95,0.30668,1.8034e-05,0.693302
0,95.1,0.30668,1.78556e-05,0.693303
0,95.2,0.30668,1.76789e-05,0.693303
0,95.3,0.30668,1.7504e-05,0.693303
0,95.4,0.30668,1.73308e-05,0.693303
0,95.5,0.30668,1.71594e-05,0.693303
0,95.6,0.30668,1.69896e-05,0.693303
0,95.7,0.30668,1.68215e-05,0.693304
0,95.8,0.30668,1.6655e-05,0.693304
0,95.9,0.30668,1.64903e-05,0.693304
0,96,0.30668,1.63271e-05,0.693304
0,96.1,0.30668,1.61656e-05,0.693304
0,96.2,0.30668,1.60056e-05,0.693304
0,96.3,0.30668,1.58472e-05,0.693305
0,96.4,0.30668,1.56905e-05,0.693305
0,96.5,0.30668,1.55352e-05,0.693305
0,96.6,0.30668,1.53815e-05,0.693305
0,96.7,0.30668,1.52293e-05,0.693305
0,96.8,0.30668,1.50786e-05,0.693305
0,96.9,0.30668,1.49294e-05,0.693306
0,97,0.30668,1.47817e-05,0.693306
0,97.1,0.30668,1.46355e-05,0.693306
0,97.2,0.30668,1.44907e-05,0.693306
0,97.3,0.30668,1.43473e-05,0.693306
0,97.4,0.30668,1.42053e-05,0.693306
0,97.5,0.30668,1.40648e-05,0.693306
0,97.6,0.30668,1.39256e-05,0.693307
0,97.7,0.30668,1.37879e-05,0.693307
0,97.8,0.30668,1.36514e-05,0.693307
0,97.9,0.30668,1.35164e-05,0.693307
0,98,0.30668,1.33826e-05,0.693307
0,98.1,0.30668,1.32502e-05,0.693307
0,98.2,0.30668,1.31191e-05,0.693307
0,98.3,0.30668,1.29893e-05,0.693307
0,98.4,0.30668,1.28608e-05,0.693308
0,98.5,0.30668,1.27336e-05,0.693308
0,98.6,0.30668,1.26076e-05,0.693308
0,98.7,0.30668,1.24828e-05,0.693308
0,98.8,0.30668,1.23593e-05,0.693308
0,98.9,0.30668,1.22371e-05,0.693308
0,99,0.30668,1.2116e-05,0.693308
0,99.1,0.30668,1.19961e-05,0.693308
0,99.2,0.30668,1.18774e-05,0.693309
0,99.3,0.30668,1.17599e-05,0.693309
0,99.4,0.30668,1.16435e-05,0.693309
0,99.5,0.30668,1.15283e-05,0.693309
0,99.6,0.30668,1.14143e-05,0.693309
0,99.7,0.30668,1.13013e-05,0.693309
0,99.8,0.30668,1.11895e-05,0.693309
0,99.9,0.30668,1.10788e-05,0.693309
1,0,0.153864,0.23194,0.614196
1,0.1,0.153847,0.229649,0.616504
1,0.2,0.15383,0.22738,0.618789
1,0.3,0.153814,0.225134,0.621052
1,0.4,0.153799,0.222909,0.623292
1,0.5,0.153784,0.220706,0.62551
1,0.6,0.153769,0.218525,0.627706
1,0.7,0.153754,0.216365,0.629881
1,0.8,0.15374,0.214226,0.632033
1,0.9,0.153727,0.212108,0.634165
1,1,0.153713,0.210011,0.636276
1,1.1,0.1537,0.207934,0.638365
1,1.2,0.153687,0.205878,0.640434
1,1.3,0.153675,0.203842,0.642483
1,1.4,0.153663,0.201826,0.644511
1,1.5,0.153651,0.199829,0.64652
1,1.6,0.15364,0.197852,0.648508
1,1.7,0.153628,0.195895,0.650477
1,1.8,0.153617,0.193957,0.652426
1,1.9,0.153607,0.192037,0.654356
1,2,0.153596,0.190137,0.656267
1,2.1,0.153586,0.188255,0.658159
1,2.2,0.153576,0.186392,0.660032
1,2.3,0.153566,0.184547,0.661887
1,2.4,0.153557,0.18272,0.663723
1,2.5,0.153547,0.180912,0.665541
1,2.6,0.153538,0.179121,0.667341
1,2.7,0.153529,0.177347,0.669124
1,2.8,0.15352,0.175591,0.670888
1,2.9,0.153512,0.173853,0.672635
1,3,0.153503,0.172131,0.674365
1,3.1,0.153495,0.170427,0.676078
1,3.2,0.153487,0.168739,0.677774
1,3.3,0.153479,0.167068,0.679453
1,3.4,0.153472,0.165413,0.681115
1,3.5,0.153464,0.163775,0.682761
1,3.6,0.153457,0.162153,0.684391
1,3.7,0.153449,0.160546,0.686004
1,3.8,0.153442,0.158956,0.687602
1,3.9,0.153435,0.157381,0.689184
1,4,0.153428,0.155822,0.69075
1,4.1,0.153422,0.154278,0.6923
1,4.2,0.153415,0.15275,0.693835
1,4.3,0.153409,0.151236,0.695355
1,4.4,0.153402,0.149738,0.69686
1,4.5,0.153396,0.148254,0.69835
1,4.6,0.15339,0.146785,0.699825
1,4.7,0.153384,0.14533,0.701286
1,4.8,0.153378,0.14389,0.702732
1,4.9,0.153372,0.142464,0.704164
1,5,0.153367,0.141052,0.705581
1,5.1,0.153361,0.139654,0.706985
1,5.2,0.153356,0.13827,0.708374
1,5.3,0.15335,0.1369,0.70975
1,5.4,0.153345,0.135543,0.711112
1,5.5,0.15334,0.134199,0.712461
1,5.6,0.153335,0.132869,0.713796
1,5.7,0.15333,0.131552,0.715118
1,5.8,0.153325,0.130248,0.716427
1,5.9,0.15332,0.128957,0.717723
1,6,0.153315,0.127678,0.719007
1,6.1,0.153311,0.126412,0.720277
1,6.2,0.153306,0.125159,0.721535
1,6.3,0.153301,0.123918,0.72278
1,6.4,0.153297,0.12269,0.724013
1,6.5,0.153293,0.121473,0.725234
1,6.6,0.153288,0.120269,0.726443
1,6.7,0.153284,0.119076,0.727639
1,6.8,0.15328,0.117896,0.728824
1,6.9,0.153276,0.116727,0.729997
1,7,0.153272,0.115569,0.731159
1,7.1,0.153268,0.114423,0.732309
1,7.2,0.153264,0.113288,0.733447
1,7.3,0.15326,0.112165,0.734575
1,7.4,0.153257,0.111053,0.735691
1,7.5,0.153253,0.109951,0.736796
1,7.6,0.153249,0.108861,0.73789
1,7.7,0.153246,0.107781,0.738973
1,7.8,0.153242,0.106713,0.740045
1,7.9,0.153239,0.105654,0.741107
1,8,0.153235,0.104606,0.742159
1,8.1,0.153232,0.103569,0.743199
1,8.2,0.153228,0.102542,0.74423
1,8.3,0.153225,0.101525,0.74525
1,8.4,0.153222,0.100518,0.746261
1,8.5,0.153219,0.0995206,0.747261
1,8.6,0.153216,0.0985334,0.748251
1,8.7,0.153213,0.0975561,0.749231
1,8.8,0.153209,0.0965884,0.750202
1,8.9,0.153206,0.0956303,0.751163
1,9,0.153204,0.0946817,0.752115
1,9.1,0.153201,0.0937425,0.753057
1,9.2,0.153198,0.0928126,0.75399
1,9.3,0.153195,0.0918919,0.754913
1,9.4,0.153192,0.0909804,0.755828
1,9.5,0.153189,0.0900778,0.756733
1,9.6,0.153187,0.0891842,0.757629
1,9.7,0.153184,0.0882995,0.758517
1,9.8,0.153181,0.0874235,0.759395
1,9.9,0.153179,0.0865562,0.760265
1,10,0.153176,0.0856975,0.761126
1,10.1,0.153174,0.0848473,0.761979
1,10.2,0.153171,0.0840055,0.762823
1,10.3,0.153169,0.0831721,0.763659
1,10.4,0.153166,0.0823469,0.764487
1,10.5,0.153164,0.08153,0.765306
1,10.6,0.153162,0.0807211,0.766117
1,10.7,0.153159,0.0799202,0.766921
1,10.8,0.153157,0.0791272,0.767716
1,10.9,0.153155,0.0783422,0.768503
1,11,0.153153,0.0775648,0.769283
1,11.1,0.15315,0.0767953,0.770054
1,11.2,0.153148,0.0760333,0.770819
1,11.3,0.153146,0.0752789,0.771575
1,11.4,0.153144,0.0745319,0.772324
1,11.5,0.153142,0.0737924,0.773066
1,11.6,0.15314,0.0730602,0.7738
1,11.7,0.153138,0.0723352,0.774527
1,11.8,0.153136,0.0716175,0.775247
1,11.9,0.153134,0.0709069,0.775959
1,12,0.153132,0.0702033,0.776665
1,12.1,0.15313,0.0695066,0.777363
1,12.2,0.153128,0.0688169,0.778055
1,12.3,0.153126,0.068134,0.77874
1,12.4,0.153124,0.0674579,0.779418
1,12.5,0.153122,0.0667885,0.780089
1,12.6,0.153121,0.0661258,0.780754
1,12.7,0.153119,0.0654696,0.781412
1,12.8,0.153117,0.0648199,0.782063
1,12.9,0.153115,0.0641767,0.782708
1,13,0.153114,0.0635398,0.783347
1,13.1,0.153112,0.0629092,0.783979
1,13.2,0.15311,0.0622849,0.784605
1,13.3,0.153109,0.0616668,0.785225
1,13.4,0.153107,0.0610549,0.785838
1,13.5,0.153105,0.0604489,0.786446
1,13.6,0.153104,0.0598491,0.787047
1,13.7,0.153102,0.0592551,0.787643
1,13.8,0.153101,0.058667,0.788232
1,13.9,0.153099,0.0580848,0.788816
1,14,0.153098,0.0575084,0.789394
1,14.1,0.153096,0.0569376,0.789966
1,14.2,0.153095,0.0563726,0.790533
1,14.3,0.153093,0.0558131,0.791094
