Process,Time,S,I,R
0,0,0.238119,0.267352,0.494528
0,0.1,0.235731,0.267069,0.497201
0,0.2,0.233381,0.26675,0.49987
0,0.3,0.231068,0.266396,0.502535
0,0.4,0.228792,0.26601,0.505197
0,0.5,0.226553,0.265592,0.507855
0,0.6,0.224348,0.265143,0.510509
0,0.7,0.222178,0.264663,0.513158
0,0.8,0.220042,0.264155,0.515802
0,0.9,0.217939,0.26362,0.518441
0,1,0.215869,0.263057,0.521075
0,1.1,0.21383,0.262468,0.523702
0,1.2,0.211822,0.261854,0.526324
0,1.3,0.209845,0.261216,0.528939
0,1.4,0.207898,0.260554,0.531548
0,1.5,0.20598,0.259869,0.53415
0,1.6,0.204092,0.259163,0.536745
0,1.7,0.202231,0.258435,0.539333
0,1.8,0.200399,0.257687,0.541914
0,1.9,0.198593,0.25692,0.544487
0,2,0.196815,0.256133,0.547052
0,2.1,0.195062,0.255328,0.54961
0,2.2,0.193336,0.254505,0.552159
0,2.3,0.191635,0.253665,0.5547
0,2.4,0.189959,0.252809,0.557232
0,2.5,0.188307,0.251937,0.559756
0,2.6,0.18668,0.25105,0.562271
0,2.7,0.185076,0.250147,0.564777
0,2.8,0.183495,0.249231,0.567274
0,2.9,0.181938,0.248301,0.569761
0,3,0.180402,0.247358,0.57224
0,3.1,0.178889,0.246402,0.574708
0,3.2,0.177398,0.245435,0.577168
0,3.3,0.175928,0.244455,0.579617
0,3.4,0.174479,0.243465,0.582057
0,3.5,0.173051,0.242463,0.584486
0,3.6,0.171643,0.241452,0.586906
0,3.7,0.170255,0.24043,0.589315
0,3.8,0.168886,0.239399,0.591714
0,3.9,0.167538,0.238359,0.594103
0,4,0.166208,0.237311,0.596482
0,4.1,0.164897,0.236254,0.598849
0,4.2,0.163605,0.235189,0.601207
0,4.3,0.16233,0.234117,0.603553
0,4.4,0.161074,0.233037,0.605889
0,4.5,0.159835,0.231951,0.608214
0,4.6,0.158614,0.230858,0.610528
0,4.7,0.15741,0.229759,0.612831
0,4.8,0.156222,0.228655,0.615123
0,4.9,0.155051,0.227545,0.617404
0,5,0.153897,0.226429,0.619674
0,5.1,0.152758,0.225309,0.621933
0,5.2,0.151636,0.224184,0.62418
0,5.3,0.150529,0.223055,0.626416
0,5.4,0.149437,0.221922,0.628641
0,5.5,0.14836,0.220785,0.630855
0,5.6,0.147298,0.219645,0.633057
0,5.7,0.146251,0.218501,0.635248
0,5.8,0.145219,0.217354,0.637427
0,5.9,0.1442,0.216205,0.639595
0,6,0.143196,0.215053,0.641751
0,6.1,0.142205,0.213899,0.643896
0,6.2,0.141228,0.212743,0.646029
0,6.3,0.140265,0.211585,0.64815
0,6.4,0.139314,0.210425,0.650261
0,6.5,0.138377,0.209264,0.652359
0,6.6,0.137452,0.208102,0.654446
0,6.7,0.13654,0.206939,0.656521
0,6.8,0.135641,0.205775,0.658585
0,6.9,0.134754,0.20461,0.660636
0,7,0.133878,0.203445,0.662677
0,7.1,0.133015,0.20228,0.664705
0,7.2,0.132163,0.201114,0.666722
0,7.3,0.131323,0.199949,0.668728
0,7.4,0.130495,0.198784,0.670721
0,7.5,0.129677,0.19762,0.672703
0,7.6,0.128871,0.196456,0.674674
0,7.7,0.128075,0.195293,0.676632
0,7.8,0.12729,0.19413,0.67858
0,7.9,0.126516,0.192969,0.680515
0,8,0.125752,0.191809,0.682439
0,8.1,0.124998,0.190651,0.684351
0,8.2,0.124255,0.189493,0.686252
0,8.3,0.123521,0.188338,0.688141
0,8.4,0.122797,0.187184,0.690019
0,8.5,0.122083,0.186032,0.691885
0,8.6,0.121379,0.184882,0.693739
0,8.7,0.120683,0.183734,0.695582
0,8.8,0.119997,0.182589,0.697414
0,8.9,0.119321,0.181445,0.699234
0,9,0.118653,0.180304,0.701043
0,9.1,0.117994,0.179166,0.70284
0,9.2,0.117344,0.17803,0.704626
0,9.3,0.116702,0.176897,0.706401
0,9.4,0.116069,0.175767,0.708164
0,9.5,0.115444,0.17464,0.709916
0,9.6,0.114827,0.173516,0.711657
0,9.7,0.114219,0.172395,0.713387
0,9.8,0.113618,0.171277,0.715105
0,9.9,0.113026,0.170162,0.716812
0,10,0.112441,0.169051,0.718508
0,10.1,0.111864,0.167943,0.720193
0,10.2,0.111294,0.166839,0.721867
0,10.3,0.110732,0.165738,0.72353
0,10.4,0.110177,0.164641,0.725182
0,10.5,0.109629,0.163548,0.726823
0,10.6,0.109089,0.162459,0.728453
0,10.7,0.108555,0.161373,0.730072
0,10.8,0.108028,0.160291,0.73168
0,10.9,0.107509,0.159214,0.733278
0,11,0.106995,0.15814,0.734864
0,11.1,0.106489,0.15707,0.736441
0,11.2,0.105989,0.156005,0.738006
0,11.3,0.105495,0.154944,0.739561
0,11.4,0.105008,0.153887,0.741105
0,11.5,0.104527,0.152834,0.742638
0,11.6,0.104053,0.151786,0.744161
0,11.7,0.103584,0.150742,0.745674
0,11.8,0.103121,0.149703,0.747176
0,11.9,0.102664,0.148668,0.748668
0,12,0.102213,0.147637,0.75015
0,12.1,0.101768,0.146611,0.751621
0,12.2,0.101328,0.14559,0.753082
0,12.3,0.100894,0.144573,0.754533
0,12.4,0.100466,0.143561,0.755973
0,12.5,0.100042,0.142554,0.757404
0,12.6,0.0996246,0.141551,0.758824
0,12.7,0.0992121,0.140553,0.760235
0,12.8,0.0988047,0.13956,0.761636
0,12.9,0.0984024,0.138571,0.763026
0,13,0.0980052,0.137588,0.764407
0,13.1,0.097613,0.136609,0.765778
0,13.2,0.0972256,0.135635,0.767139
0,13.3,0.0968431,0.134666,0.768491
0,13.4,0.0964653,0.133702,0.769833
0,13.5,0.0960923,0.132743,0.771165
0,13.6,0.0957238,0.131789,0.772487
0,13.7,0.09536,0.130839,0.773801
0,13.8,0.0950006,0.129895,0.775104
0,13.9,0.0946457,0.128956,0.776398
0,14,0.0942952,0.128022,0.777683
0,14.1,0.093949,0.127092,0.778959
0,14.2,0.093607,0.126168,0.780225
0,14.3,0.0932692,0.125249,0.781482
0,14.4,0.0929356,0.124334,0.78273
0,14.5,0.0926061,0.123425,0.783969
0,14.6,0.0922806,0.122521,0.785199
0,14.7,0.091959,0.121622,0.786419
0,14.8,0.0916414,0.120727,0.787631
0,14.9,0.0913276,0.119838,0.788834
0,15,0.0910177,0.118954,0.790028
0,15.1,0.0907115,0.118075,0.791213
0,15.2,0.090409,0.117202,0.792389
0,15.3,0.0901102,0.116333,0.793557
0,15.4,0.0898149,0.115469,0.794716
0,15.5,0.0895233,0.11461,0.795866
0,15.6,0.0892351,0.113757,0.797008
0,15.7,0.0889504,0.112908,0.798142
0,15.8,0.0886691,0.112064,0.799266
0,15.9,0.0883911,0.111226,0.800383
0,16,0.0881165,0.110392,0.801491
0,16.1,0.0878452,0.109564,0.802591
0,16.2,0.0875771,0.108741,0.803682
0,16.3,0.0873122,0.107922,0.804766
0,16.4,0.0870504,0.107109,0.805841
0,16.5,0.0867917,0.1063,0.806908
0,16.6,0.0865361,0.105497,0.807967
0,16.7,0.0862835,0.104699,0.809018
0,16.8,0.0860339,0.103905,0.810061
0,16.9,0.0857872,0.103117,0.811096
0,17,0.0855434,0.102333,0.812123
0,17.1,0.0853025,0.101555,0.813143
0,17.2,0.0850644,0.100781,0.814154
0,17.3,0.0848291,0.100013,0.815158
0,17.4,0.0845966,0.0992489,0.816154
0,17.5,0.0843667,0.0984901,0.817143
0,17.6,0.0841396,0.0977361,0.818124
0,17.7,0.083915,0.0969871,0.819098
0,17.8,0.0836931,0.0962428,0.820064
0,17.9,0.0834738,0.0955035,0.821023
0,18,0.0832569,0.0947689,0.821974
0,18.1,0.0830426,0.0940392,0.822918
0,18.2,0.0828308,0.0933143,0.823855
0,18.3,0.0826214,0.0925941,0.824784
0,18.4,0.0824144,0.0918787,0.825707
0,18.5,0.0822098,0.0911681,0.826622
0,18.6,0.0820075,0.0904622,0.82753
0,18.7,0.0818076,0.0897611,0.828431
0,18.8,0.0816099,0.0890646,0.829325
0,18.9,0.0814145,0.0883728,0.830213
0,19,0.0812213,0.0876857,0.831093
0,19.1,0.0810304,0.0870033,0.831966
0,19.2,0.0808415,0.0863255,0.832833
0,19.3,0.0806549,0.0856523,0.833693
0,19.4,0.0804703,0.0849836,0.834546
0,19.5,0.0802878,0.0843196,0.835393
0,19.6,0.0801074,0.0836601,0.836232
0,19.7,0.079929,0.0830052,0.837066
0,19.8,0.0797527,0.0823548,0.837893
0,19.9,0.0795783,0.0817088,0.838713
0,20,0.0794058,0.0810674,0.839527
0,20.1,0.0792353,0.0804304,0.840334
0,20.2,0.0790668,0.0797979,0.841135
0,20.3,0.0789,0.0791697,0.84193
0,20.4,0.0787352,0.078546,0.842719
0,20.5,0.0785722,0.0779267,0.843501
0,20.6,0.078411,0.0773117,0.844277
0,20.7,0.0782516,0.076701,0.845047
0,20.8,0.0780939,0.0760947,0.845811
0,20.9,0.0779381,0.0754926,0.846569
0,21,0.0777839,0.0748949,0.847321
0,21.1,0.0776314,0.0743014,0.848067
0,21.2,0.0774806,0.0737121,0.848807
0,21.3,0.0773315,0.073127,0.849541
0,21.4,0.077184,0.0725461,0.85027
0,21.5,0.0770382,0.0719694,0.850992
0,21.6,0.0768939,0.0713969,0.851709
0,21.7,0.0767512,0.0708284,0.85242
0,21.8,0.0766101,0.0702641,0.853126
0,21.9,0.0764705,0.0697038,0.853826
0,22,0.0763325,0.0691476,0.85452
0,22.1,0.0761959,0.0685955,0.855209
0,22.2,0.0760608,0.0680473,0.855892
0,22.3,0.0759272,0.0675032,0.85657
0,22.4,0.0757951,0.066963,0.857242
0,22.5,0.0756644,0.0664268,0.857909
0,22.6,0.0755351,0.0658945,0.85857
0,22.7,0.0754072,0.0653661,0.859227
0,22.8,0.0752806,0.0648416,0.859878
0,22.9,0.0751555,0.064321,0.860524
0,23,0.0750316,0.0638041,0.861164
0,23.1,0.0749092,0.0632912,0.8618
0,23.2,0.074788,0.062782,0.86243
0,23.3,0.0746681,0.0622766,0.863055
0,23.4,0.0745495,0.0617749,0.863676
0,23.5,0.0744322,0.061277,0.864291
0,23.6,0.0743161,0.0607827,0.864901
0,23.7,0.0742013,0.0602922,0.865507
0,23.8,0.0740877,0.0598053,0.866107
0,23.9,0.0739753,0.0593221,0.866703
0,24,0.0738641,0.0588425,0.867293
0,24.1,0.0737541,0.0583664,0.867879
0,24.2,0.0736452,0.057894,0.868461
0,24.3,0.0735375,0.0574251,0.869037
0,24.4,0.073431,0.0569598,0.869609
0,24.5,0.0733255,0.0564979,0.870177
0,24.6,0.0732212,0.0560396,0.870739
0,24.7,0.073118,0.0555847,0.871297
0,24.8,0.0730158,0.0551332,0.871851
0,24.9,0.0729147,0.0546852,0.8724
0,25,0.0728147,0.0542406,0.872945
0,25.1,0.0727158,0.0537994,0.873485
0,25.2,0.0726179,0.0533615,0.874021
0,25.3,0.072521,0.0529269,0.874552
0,25.4,0.0724251,0.0524957,0.875079
0,25.5,0.0723302,0.0520678,0.875602
0,25.6,0.0722363,0.0516431,0.876121
0,25.7,0.0721434,0.0512217,0.876635
0,25.8,0.0720514,0.0508036,0.877145
0,25.9,0.0719604,0.0503886,0.877651
0,26,0.0718704,0.0499768,0.878153
0,26.1,0.0717813,0.0495682,0.878651
0,26.2,0.0716931,0.0491628,0.879144
0,26.3,0.0716058,0.0487604,0.879634
0,26.4,0.0715194,0.0483612,0.880119
0,26.5,0.0714339,0.0479651,0.880601
0,26.6,0.0713493,0.047572,0.881079
0,26.7,0.0712655,0.047182,0.881552
0,26.8,0.0711827,0.046795,0.882022
0,26.9,0.0711006,0.046411,0.882488
0,27,0.0710195,0.04603,0.882951
0,27.1,0.0709391,0.0456519,0.883409
0,27.2,0.0708596,0.0452768,0.883864
0,27.3,0.0707809,0.0449046,0.884315
0,27.4,0.070703,0.0445353,0.884762
0,27.5,0.0706258,0.0441689,0.885205
0,27.6,0.0705495,0.0438054,0.885645
0,27.7,0.070474,0.0434447,0.886081
0,27.8,0.0703992,0.0430868,0.886514
0,27.9,0.0703252,0.0427317,0.886943
0,28,0.0702519,0.0423794,0.887369
0,28.1,0.0701794,0.0420299,0.887791
0,28.2,0.0701076,0.0416831,0.888209
0,28.3,0.0700365,0.0413391,0.888624
0,28.4,0.0699662,0.0409978,0.889036
0,28.5,0.0698965,0.0406591,0.889444
0,28.6,0.0698276,0.0403231,0.889849
0,28.7,0.0697594,0.0399898,0.890251
0,28.8,0.0696918,0.0396591,0.890649
0,28.9,0.069625,0.039331,0.891044
0,29,0.0695588,0.0390055,0.891436
0,29.1,0.0694933,0.0386826,0.891824
0,29.2,0.0694284,0.0383623,0.892209
0,29.3,0.0693642,0.0380445,0.892591
0,29.4,0.0693006,0.0377292,0.89297
0,29.5,0.0692377,0.0374164,0.893346
0,29.6,0.0691754,0.0371061,0.893719
0,29.7,0.0691137,0.0367982,0.894088
0,29.8,0.0690526,0.0364929,0.894455
0,29.9,0.0689921,0.0361899,0.894818
0,30,0.0689323,0.0358894,0.895178
0,30.1,0.068873,0.0355912,0.895536
0,30.2,0.0688143,0.0352955,0.89589
0,30.3,0.0687563,0.0350021,0.896242
0,30.4,0.0686987,0.034711,0.89659
0,30.5,0.0686418,0.0344223,0.896936
0,30.6,0.0685854,0.0341359,0.897279
0,30.7,0.0685296,0.0338518,0.897619
0,30.8,0.0684744,0.0335699,0.897956
0,30.9,0.0684196,0.0332903,0.89829
0,31,0.0683655,0.033013,0.898622
0,31.1,0.0683118,0.0327379,0.89895
0,31.2,0.0682587,0.032465,0.899276
0,31.3,0.0682061,0.0321943,0.8996
0,31.4,0.068154,0.0319258,0.89992
0,31.5,0.0681025,0.0316594,0.900238
0,31.6,0.0680514,0.0313952,0.900553
0,31.7,0.0680009,0.0311331,0.900866
0,31.8,0.0679508,0.0308731,0.901176
0,31.9,0.0679013,0.0306152,0.901483
0,32,0.0678522,0.0303594,0.901788
0,32.1,0.0678036,0.0301057,0.902091
0,32.2,0.0677555,0.029854,0.90239
0,32.3,0.0677078,0.0296044,0.902688
0,32.4,0.0676607,0.0293568,0.902983
0,32.5,0.0676139,0.0291111,0.903275
0,32.6,0.0675677,0.0288675,0.903565
0,32.7,0.0675219,0.0286259,0.903852
0,32.8,0.0674765,0.0283862,0.904137
0,32.9,0.0674316,0.0281484,0.90442
0,33,0.0673871,0.0279126,0.9047
0,33.1,0.067343,0.0276787,0.904978
0,33.2,0.0672994,0.0274467,0.905254
0,33.3,0.0672562,0.0272166,0.905527
0,33.4,0.0672134,0.0269884,0.905798
0,33.5,0.067171,0.026762,0.906067
0,33.6,0.0671291,0.0265375,0.906333
0,33.7,0.0670875,0.0263148,0.906598
0,33.8,0.0670463,0.0260939,0.90686
0,33.9,0.0670056,0.0258748,0.90712
0,34,0.0669652,0.0256575,0.907377
0,34.1,0.0669253,0.025442,0.907633
0,34.2,0.0668857,0.0252282,0.907886
0,34.3,0.0668465,0.0250162,0.908137
0,34.4,0.0668076,0.0248059,0.908386
0,34.5,0.0667692,0.0245973,0.908633
0,34.6,0.0667311,0.0243905,0.908878
0,34.7,0.0666934,0.0241853,0.909121
0,34.8,0.066656,0.0239818,0.909362
0,34.9,0.066619,0.02378,0.909601
0,35,0.0665824,0.0235799,0.909838
0,35.1,0.0665461,0.0233814,0.910073
0,35.2,0.0665102,0.0231845,0.910305
0,35.3,0.0664746,0.0229892,0.910536
0,35.4,0.0664393,0.0227955,0.910765
0,35.5,0.0664044,0.0226035,0.910992
0,35.6,0.0663698,0.022413,0.911217
0,35.7,0.0663356,0.022224,0.91144
0,35.8,0.0663016,0.0220367,0.911662
0,35.9,0.066268,0.0218508,0.911881
0,36,0.0662347,0.0216665,0.912099
0,36.1,0.0662018,0.0214837,0.912314
0,36.2,0.0661691,0.0213025,0.912528
0,36.3,0.0661368,0.0211227,0.912741
0,36.4,0.0661048,0.0209444,0.912951
0,36.5,0.066073,0.0207676,0.913159
0,36.6,0.0660416,0.0205922,0.913366
0,36.7,0.0660105,0.0204183,0.913571
0,36.8,0.0659796,0.0202458,0.913775
0,36.9,0.0659491,0.0200747,0.913976
0,37,0.0659188,0.0199051,0.914176
0,37.1,0.0658889,0.0197368,0.914374
0,37.2,0.0658592,0.01957,0.914571
0,37.3,0.0658298,0.0194045,0.914766
0,37.4,0.0658007,0.0192404,0.914959
0,37.5,0.0657718,0.0190777,0.915151
0,37.6,0.0657433,0.0189163,0.91534
0,37.7,0.065715,0.0187562,0.915529
0,37.8,0.0656869,0.0185975,0.915716
0,37.9,0.0656591,0.0184401,0.915901
0,38,0.0656316,0.018284,0.916084
0,38.1,0.0656044,0.0181291,0.916266
0,38.2,0.0655774,0.0179756,0.916447
0,38.3,0.0655506,0.0178234,0.916626
0,38.4,0.0655242,0.0176724,0.916803
0,38.5,0.0654979,0.0175226,0.916979
0,38.6,0.0654719,0.0173742,0.917154
0,38.7,0.0654462,0.0172269,0.917327
0,38.8,0.0654207,0.0170809,0.917498
0,38.9,0.0653954,0.016936,0.917669
0,39,0.0653704,0.0167924,0.917837
0,39.1,0.0653456,0.01665,0.918004
0,39.2,0.065321,0.0165088,0.91817
0,39.3,0.0652967,0.0163687,0.918335
0,39.4,0.0652726,0.0162299,0.918498
0,39.5,0.0652487,0.0160921,0.918659
0,39.6,0.065225,0.0159555,0.918819
0,39.7,0.0652016,0.0158201,0.918978
0,39.8,0.0651784,0.0156858,0.919136
0,39.9,0.0651554,0.0155526,0.919292
0,40,0.0651326,0.0154205,0.919447
0,40.1,0.06511,0.0152895,0.9196
0,40.2,0.0650877,0.0151597,0.919753
0,40.3,0.0650655,0.0150309,0.919904
0,40.4,0.0650436,0.0149031,0.920053
0,40.5,0.0650218,0.0147765,0.920202
0,40.6,0.0650003,0.0146509,0.920349
0,40.7,0.0649789,0.0145263,0.920495
0,40.8,0.0649578,0.0144028,0.920639
0,40.9,0.0649369,0.0142804,0.920783
0,41,0.0649161,0.0141589,0.920925
0,41.1,0.0648956,0.0140385,0.921066
0,41.2,0.0648752,0.0139191,0.921206
0,41.3,0.064855,0.0138007,0.921344
0,41.4,0.064835,0.0136832,0.921482
0,41.5,0.0648152,0.0135668,0.921618
0,41.6,0.0647956,0.0134513,0.921753
0,41.7,0.0647762,0.0133368,0.921887
0,41.8,0.0647569,0.0132233,0.92202
0,41.9,0.0647378,0.0131107,0.922152
0,42,0.0647189,0.012999,0.922282
0,42.1,0.0647002,0.0128883,0.922411
0,42.2,0.0646816,0.0127786,0.92254
0,42.3,0.0646632,0.0126697,0.922667
0,42.4,0.064645,0.0125618,0.922793
0,42.5,0.064627,0.0124547,0.922918
0,42.6,0.0646091,0.0123486,0.923042
0,42.7,0.0645914,0.0122433,0.923165
0,42.8,0.0645738,0.012139,0.923287
0,42.9,0.0645564,0.0120355,0.923408
0,43,0.0645392,0.0119329,0.923528
0,43.1,0.0645221,0.0118311,0.923647
0,43.2,0.0645052,0.0117303,0.923765
0,43.3,0.0644885,0.0116302,0.923881
0,43.4,0.0644719,0.011531,0.923997
0,43.5,0.0644554,0.0114326,0.924112
0,43.6,0.0644391,0.0113351,0.924226
0,43.7,0.064423,0.0112384,0.924339
0,43.8,0.064407,0.0111425,0.924451
0,43.9,0.0643911,0.0110474,0.924562
0,44,0.0643754,0.0109531,0.924672
0,44.1,0.0643598,0.0108596,0.924781
0,44.2,0.0643444,0.0107669,0.924889
0,44.3,0.0643291,0.010675,0.924996
0,44.4,0.064314,0.0105838,0.925102
0,44.5,0.064299,0.0104934,0.925208
0,44.6,0.0642841,0.0104038,0.925312
0,44.7,0.0642694,0.0103149,0.925416
0,44.8,0.0642548,0.0102268,0.925518
0,44.9,0.0642404,0.0101394,0.92562
0,45,0.064226,0.0100528,0.925721
0,45.1,0.0642118,0.00996691,0.925821
0,45.2,0.0641978,0.00988173,0.925921
0,45.3,0.0641838,0.00979727,0.926019
0,45.4,0.06417,0.00971353,0.926116
0,45.5,0.0641563,0.00963049,0.926213
0,45.6,0.0641428,0.00954816,0.926309
0,45.7,0.0641293,0.00946652,0.926404
0,45.8,0.064116,0.00938558,0.926498
0,45.9,0.0641028,0.00930531,0.926592
0,46,0.0640898,0.00922573,0.926685
0,46.1,0.0640768,0.00914682,0.926776
0,46.2,0.064064,0.00906857,0.926867
0,46.3,0.0640513,0.00899099,0.926958
0,46.4,0.0640387,0.00891407,0.927047
0,46.5,0.0640262,0.0088378,0.927136
0,46.6,0.0640138,0.00876217,0.927224
0,46.7,0.0640016,0.00868718,0.927311
0,46.8,0.0639894,0.00861283,0.927398
0,46.9,0.0639774,0.00853911,0.927484
0,47,0.0639654,0.00846601,0.927569
0,47.1,0.0639536,0.00839353,0.927653
0,47.2,0.0639419,0.00832167,0.927736
0,47.3,0.0639303,0.00825041,0.927819
0,47.4,0.0639188,0.00817976,0.927901
0,47.5,0.0639074,0.00810971,0.927983
0,47.6,0.0638961,0.00804026,0.928064
0,47.7,0.0638849,0.00797139,0.928144
0,47.8,0.0638738,0.0079031,0.928223
0,47.9,0.0638628,0.0078354,0.928302
0,48,0.063852,0.00776827,0.92838
0,48.1,0.0638412,0.00770171,0.928457
0,48.2,0.0638305,0.00763572,0.928534
0,48.3,0.0638199,0.00757028,0.92861
0,48.4,0.0638094,0.0075054,0.928685
0,48.5,0.063799,0.00744107,0.92876
0,48.6,0.0637887,0.00737729,0.928834
0,48.7,0.0637785,0.00731405,0.928907
0,48.8,0.0637683,0.00725135,0.92898
0,48.9,0.0637583,0.00718918,0.929053
0,49,0.0637484,0.00712754,0.929124
0,49.1,0.0637385,0.00706642,0.929195
0,49.2,0.0637287,0.00700582,0.929265
0,49.3,0.0637191,0.00694574,0.929335
0,49.4,0.0637095,0.00688617,0.929404
0,49.5,0.0637,0.0068271,0.929473
0,49.6,0.0636906,0.00676854,0.929541
0,49.7,0.0636812,0.00671047,0.929608
0,49.8,0.063672,0.0066529,0.929675
0,49.9,0.0636628,0.00659582,0.929741
0,50,0.0636538,0.00653922,0.929807
0,50.1,0.0636448,0.00648311,0.929872
0,50.2,0.0636358,0.00642747,0.929937
0,50.3,0.063627,0.00637231,0.930001
0,50.4,0.0636182,0.00631762,0.930064
0,50.5,0.0636096,0.00626339,0.930127
0,50.6,0.063601,0.00620963,0.930189
0,50.7,0.0635924,0.00615632,0.930251
0,50.8,0.063584,0.00610347,0.930313
0,50.9,0.0635756,0.00605106,0.930373
0,51,0.0635673,0.00599911,0.930434
0,51.1,0.0635591,0.00594759,0.930493
0,51.2,0.063551,0.00589652,0.930553
0,51.3,0.0635429,0.00584588,0.930611
0,51.4,0.0635349,0.00579567,0.930669
0,51.5,0.063527,0.00574589,0.930727
0,51.6,0.0635191,0.00569653,0.930784
0,51.7,0.0635113,0.0056476,0.930841
0,51.8,0.0635036,0.00559908,0.930897
0,51.9,0.063496,0.00555098,0.930953
0,52,0.0634884,0.00550329,0.931008
0,52.1,0.0634809,0.005456,0.931063
0,52.2,0.0634734,0.00540912,0.931117
0,52.3,0.0634661,0.00536264,0.931171
0,52.4,0.0634588,0.00531655,0.931225
0,52.5,0.0634515,0.00527086,0.931278
0,52.6,0.0634443,0.00522555,0.93133
0,52.7,0.0634372,0.00518064,0.931382
0,52.8,0.0634302,0.00513611,0.931434
0,52.9,0.0634232,0.00509195,0.931485
0,53,0.0634163,0.00504818,0.931536
0,53.1,0.0634094,0.00500478,0.931586
0,53.2,0.0634026,0.00496175,0.931636
0,53.3,0.0633958,0.00491908,0.931685
0,53.4,0.0633892,0.00487679,0.931734
0,53.5,0.0633825,0.00483485,0.931783
0,53.6,0.063376,0.00479327,0.931831
0,53.7,0.0633695,0.00475205,0.931878
0,53.8,0.063363,0.00471117,0.931926
0,53.9,0.0633567,0.00467065,0.931973
0,54,0.0633503,0.00463048,0.932019
0,54.1,0.063344,0.00459065,0.932065
0,54.2,0.0633378,0.00455115,0.932111
0,54.3,0.0633317,0.004512,0.932156
0,54.4,0.0633256,0.00447318,0.932201
0,54.5,0.0633195,0.00443469,0.932246
0,54.6,0.0633135,0.00439654,0.93229
0,54.7,0.0633076,0.00435871,0.932334
0,54.8,0.0633017,0.0043212,0.932377
0,54.9,0.0632958,0.00428401,0.93242
0,55,0.0632901,0.00424714,0.932463
0,55.1,0.0632843,0.00421059,0.932505
0,55.2,0.0632786,0.00417435,0.932547
0,55.3,0.063273,0.00413842,0.932589
0,55.4,0.0632674,0.0041028,0.93263
0,55.5,0.0632619,0.00406748,0.932671
0,55.6,0.0632564,0.00403246,0.932711
0,55.7,0.063251,0.00399775,0.932751
0,55.8,0.0632456,0.00396333,0.932791
0,55.9,0.0632402,0.0039292,0.932831
0,56,0.0632349,0.00389537,0.93287
0,56.1,0.0632297,0.00386183,0.932908
0,56.2,0.0632245,0.00382858,0.932947
0,56.3,0.0632194,0.00379561,0.932985
0,56.4,0.0632142,0.00376292,0.933023
0,56.5,0.0632092,0.00373051,0.93306
0,56.6,0.0632042,0.00369838,0.933097
0,56.7,0.0631992,0.00366653,0.933134
0,56.8,0.0631943,0.00363495,0.933171
0,56.9,0.0631894,0.00360364,0.933207
0,57,0.0631846,0.0035726,0.933243
0,57.1,0.0631798,0.00354182,0.933278
0,57.2,0.063175,0.00351131,0.933314
0,57.3,0.0631703,0.00348106,0.933349
0,57.4,0.0631656,0.00345107,0.933383
0,57.5,0.063161,0.00342133,0.933418
0,57.6,0.0631564,0.00339185,0.933452
0,57.7,0.0631519,0.00336263,0.933486
0,57.8,0.0631474,0.00333365,0.933519
0,57.9,0.0631429,0.00330492,0.933552
0,58,0.0631385,0.00327644,0.933585
0,58.1,0.0631341,0.00324821,0.933618
0,58.2,0.0631297,0.00322021,0.93365
0,58.3,0.0631254,0.00319246,0.933682
0,58.4,0.0631212,0.00316494,0.933714
0,58.5,0.0631169,0.00313766,0.933745
0,58.6,0.0631127,0.00311062,0.933777
0,58.7,0.0631086,0.0030838,0.933808
0,58.8,0.0631045,0.00305722,0.933838
0,58.9,0.0631004,0.00303086,0.933869
0,59,0.0630963,0.00300473,0.933899
0,59.1,0.0630923,0.00297883,0.933929
0,59.2,0.0630883,0.00295315,0.933959
0,59.3,0.0630844,0.00292768,0.933988
0,59.4,0.0630805,0.00290244,0.934017
0,59.5,0.0630766,0.00287741,0.934046
0,59.6,0.0630728,0.0028526,0.934075
0,59.7,0.063069,0.002828,0.934103
0,59.8,0.0630652,0.00280362,0.934131
0,59.9,0.0630615,0.00277944,0.934159
0,60,0.0630578,0.00275547,0.934187
0,60.1,0.0630541,0.0027317,0.934214
0,60.2,0.0630504,0.00270814,0.934241
0,60.3,0.0630468,0.00268478,0.934268
0,60.4,0.0630433,0.00266163,0.934295
0,60.5,0.0630397,0.00263867,0.934322
0,60.6,0.0630362,0.00261591,0.934348
0,60.7,0.0630327,0.00259334,0.934374
0,60.8,0.0630293,0.00257097,0.9344
0,60.9,0.0630259,0.00254879,0.934425
0,61,0.0630225,0.0025268,0.934451
0,61.1,0.0630191,0.002505,0.934476
0,61.2,0.0630158,0.00248339,0.934501
0,61.3,0.0630125,0.00246196,0.934526
0,61.4,0.0630092,0.00244072,0.93455
0,61.5,0.063006,0.00241966,0.934574
0,61.6,0.0630028,0.00239878,0.934598
0,61.7,0.0629996,0.00237808,0.934622
0,61.8,0.0629964,0.00235756,0.934646
0,61.9,0.0629933,0.00233722,0.934669
0,62,0.0629902,0.00231705,0.934693
0,62.1,0.0629871,0.00229705,0.934716
0,62.2,0.0629841,0.00227723,0.934739
0,62.3,0.062981,0.00225758,0.934761
0,62.4,0.062978,0.00223809,0.934784
0,62.5,0.0629751,0.00221877,0.934806
0,62.6,0.0629721,0.00219962,0.934828
0,62.7,0.0629692,0.00218064,0.93485
0,62.8,0.0629663,0.00216181,0.934872
0,62.9,0.0629635,0.00214315,0.934893
0,63,0.0629606,0.00212465,0.934915
0,63.1,0.0629578,0.00210631,0.934936
0,63.2,0.062955,0.00208813,0.934957
0,63.3,0.0629523,0.0020701,0.934978
0,63.4,0.0629495,0.00205223,0.934998
0,63.5,0.0629468,0.00203451,0.935019
0,63.6,0.0629441,0.00201695,0.935039
0,63.7,0.0629414,0.00199953,0.935059
0,63.8,0.0629388,0.00198227,0.935079
0,63.9,0.0629362,0.00196515,0.935099
0,64,0.0629336,0.00194818,0.935118
0,64.1,0.062931,0.00193136,0.935138
0,64.2,0.0629285,0.00191468,0.935157
0,64.3,0.0629259,0.00189815,0.935176
0,64.4,0.0629234,0.00188176,0.935195
0,64.5,0.0629209,0.00186551,0.935214
0,64.6,0.0629185,0.0018494,0.935232
0,64.7,0.062916,0.00183343,0.935251
0,64.8,0.0629136,0.00181759,0.935269
0,64.9,0.0629112,0.0018019,0.935287
0,65,0.0629088,0.00178633,0.935305
0,65.1,0.0629065,0.0017709,0.935323
0,65.2,0.0629041,0.00175561,0.93534
0,65.3,0.0629018,0.00174045,0.935358
0,65.4,0.0628995,0.00172541,0.935375
0,65.5,0.0628972,0.00171051,0.935392
0,65.6,0.062895,0.00169573,0.935409
0,65.7,0.0628928,0.00168109,0.935426
0,65.8,0.0628905,0.00166656,0.935443
0,65.9,0.0628883,0.00165217,0.935459
0,66,0.0628862,0.00163789,0.935476
0,66.1,0.062884,0.00162374,0.935492
0,66.2,0.0628819,0.00160972,0.935508
0,66.3,0.0628797,0.00159581,0.935524
0,66.4,0.0628776,0.00158202,0.93554
0,66.5,0.0628756,0.00156836,0.935556
0,66.6,0.0628735,0.0015548,0.935572
0,66.7,0.0628714,0.00154137,0.935587
0,66.8,0.0628694,0.00152805,0.935603
0,66.9,0.0628674,0.00151485,0.935618
0,67,0.0628654,0.00150176,0.935633
0,67.1,0.0628634,0.00148879,0.935648
0,67.2,0.0628615,0.00147592,0.935663
0,67.3,0.0628595,0.00146317,0.935677
0,67.4,0.0628576,0.00145052,0.935692
0,67.5,0.0628557,0.00143799,0.935706
0,67.6,0.0628538,0.00142556,0.935721
0,67.7,0.0628519,0.00141324,0.935735
0,67.8,0.0628501,0.00140103,0.935749
0,67.9,0.0628482,0.00138892,0.935763
0,68,0.0628464,0.00137692,0.935777
0,68.1,0.0628446,0.00136502,0.93579
0,68.2,0.0628428,0.00135322,0.935804
0,68.3,0.062841,0.00134153,0.935817
0,68.4,0.0628393,0.00132993,0.935831
0,68.5,0.0628375,0.00131844,0.935844
0,68.6,0.0628358,0.00130704,0.935857
0,68.7,0.0628341,0.00129575,0.93587
0,68.8,0.0628324,0.00128455,0.935883
0,68.9,0.0628307,0.00127344,0.935896
0,69,0.062829,0.00126244,0.935909
0,69.1,0.0628274,0.00125152,0.935921
0,69.2,0.0628257,0.0012407,0.935934
0,69.3,0.0628241,0.00122998,0.935946
0,69.4,0.0628225,0.00121935,0.935958
0,69.5,0.0628209,0.00120881,0.93597
0,69.6,0.0628193,0.00119836,0.935982
0,69.7,0.0628177,0.001188,0.935994
0,69.8,0.0628161,0.00117773,0.936006
0,69.9,0.0628146,0.00116755,0.936018
0,70,0.0628131,0.00115745,0.936029
0,70.1,0.0628116,0.00114745,0.936041
0,70.2,0.06281,0.00113753,0.936052
0,70.3,0.0628086,0.00112769,0.936064
0,70.4,0.0628071,0.00111794,0.936075
0,70.5,0.0628056,0.00110828,0.936086
0,70.6,0.0628042,0.00109869,0.936097
0,70.7,0.0628027,0.0010892,0.936108
0,70.8,0.0628013,0.00107978,0.936119
0,70.9,0.0627999,0.00107044,0.93613
0,71,0.0627985,0.00106119,0.93614
0,71.1,0.0627971,0.00105201,0.936151
0,71.2,0.0627957,0.00104291,0.936161
0,71.3,0.0627943,0.0010339,0.936172
0,71.4,0.062793,0.00102496,0.936182
0,71.5,0.0627916,0.00101609,0.936192
0,71.6,0.0627903,0.00100731,0.936202
0,71.7,0.062789,0.000998598,0.936212
0,71.8,0.0627877,0.000989963,0.936222
0,71.9,0.0627864,0.000981402,0.936232
0,72,0.0627851,0.000972915,0.936242
0,72.1,0.0627838,0.000964502,0.936252
0,72.2,0.0627826,0.000956161,0.936261
0,72.3,0.0627813,0.000947892,0.936271
0,72.4,0.0627801,0.000939695,0.93628
0,72.5,0.0627788,0.000931569,0.93629
0,72.6,0.0627776,0.000923512,0.936299
0,72.7,0.0627764,0.000915526,0.936308
0,72.8,0.0627752,0.000907608,0.936317
0,72.9,0.062774,0.000899758,0.936326
0,73,0.0627729,0.000891977,0.936335
0,73.1,0.0627717,0.000884262,0.936344
0,73.2,0.0627705,0.000876615,0.936353
0,73.3,0.0627694,0.000869033,0.936362
0,73.4,0.0627683,0.000861517,0.93637
0,73.5,0.0627671,0.000854066,0.936379
0,73.6,0.062766,0.000846679,0.936387
0,73.7,0.0627649,0.000839356,0.936396
0,73.8,0.0627638,0.000832096,0.936404
0,73.9,0.0627627,0.000824899,0.936412
0,74,0.0627616,0.000817764,0.936421
0,74.1,0.0627606,0.00081069,0.936429
0,74.2,0.0627595,0.000803678,0.936437
0,74.3,0.0627585,0.000796727,0.936445
0,74.4,0.0627574,0.000789835,0.936453
0,74.5,0.0627564,0.000783003,0.936461
0,74.6,0.0627554,0.00077623,0.936468
0,74.7,0.0627543,0.000769516,0.936476
0,74.8,0.0627533,0.00076286,0.936484
0,74.9,0.0627523,0.000756261,0.936491
0,75,0.0627514,0.000749719,0.936499
0,75.1,0.0627504,0.000743234,0.936506
0,75.2,0.0627494,0.000736804,0.936514
0,75.3,0.0627484,0.000730431,0.936521
0,75.4,0.0627475,0.000724112,0.936528
0,75.5,0.0627465,0.000717848,0.936536
0,75.6,0.0627456,0.000711638,0.936543
0,75.7,0.0627447,0.000705482,0.93655
0,75.8,0.0627438,0.000699379,0.936557
0,75.9,0.0627428,0.000693329,0.936564
0,76,0.0627419,0.000687331,0.936571
0,76.1,0.062741,0.000681385,0.936578
0,76.2,0.0627402,0.00067549,0.936584
0,76.3,0.0627393,0.000669646,0.936591
0,76.4,0.0627384,0.000663853,0.936598
0,76.5,0.0627375,0.00065811,0.936604
0,76.6,0.0627367,0.000652416,0.936611
0,76.7,0.0627358,0.000646772,0.936617
0,76.8,0.062735,0.000641177,0.936624
0,76.9,0.0627341,0.000635629,0.93663
0,77,0.0627333,0.00063013,0.936637
0,77.1,0.0627325,0.000624679,0.936643
0,77.2,0.0627317,0.000619274,0.936649
0,77.3,0.0627309,0.000613916,0.936655
0,77.4,0.0627301,0.000608605,0.936661
0,77.5,0.0627293,0.000603339,0.936667
0,77.6,0.0627285,0.000598119,0.936673
0,77.7,0.0627277,0.000592944,0.936679
0,77.8,0.0627269,0.000587814,0.936685
0,77.9,0.0627262,0.000582729,0.936691
0,78,0.0627254,0.000577687,0.936697
0,78.1,0.0627246,0.000572689,0.936703
0,78.2,0.0627239,0.000567734,0.936708
0,78.3,0.0627232,0.000562821,0.936714
0,78.4,0.0627224,0.000557952,0.93672
0,78.5,0.0627217,0.000553124,0.936725
0,78.6,0.062721,0.000548338,0.936731
0,78.7,0.0627203,0.000543594,0.936736
0,78.8,0.0627195,0.000538891,0.936742
0,78.9,0.0627188,0.000534228,0.936747
0,79,0.0627182,0.000529606,0.936752
0,79.1,0.0627175,0.000525023,0.936758
0,79.2,0.0627168,0.00052048,0.936763
0,79.3,0.0627161,0.000515977,0.936768
0,79.4,0.0627154,0.000511512,0.936773
0,79.5,0.0627148,0.000507086,0.936778
0,79.6,0.0627141,0.000502699,0.936783
0,79.7,0.0627134,0.000498349,0.936788
0,79.8,0.0627128,0.000494037,0.936793
0,79.9,0.0627121,0.000489762,0.936798
0,80,0.0627115,0.000485524,0.936803
0,80.1,0.0627109,0.000481323,0.936808
0,80.2,0.0627102,0.000477158,0.936813
0,80.3,0.0627096,0.00047303,0.936817
0,80.4,0.062709,0.000468937,0.936822
0,80.5,0.0627084,0.000464879,0.936827
0,80.6,0.0627078,0.000460856,0.936831
0,80.7,0.0627072,0.000456869,0.936836
0,80.8,0.0627066,0.000452915,0.93684
0,80.9,0.062706,0.000448996,0.936845
0,81,0.0627054,0.000445111,0.936849
0,81.1,0.0627048,0.000441259,0.936854
0,81.2,0.0627043,0.000437441,0.936858
0,81.3,0.0627037,0.000433656,0.936863
0,81.4,0.0627031,0.000429904,0.936867
0,81.5,0.0627026,0.000426184,0.936871
0,81.6,0.062702,0.000422496,0.936875
0,81.7,0.0627015,0.00041884,0.93688
0,81.8,0.0627009,0.000415216,0.936884
0,81.9,0.0627004,0.000411623,0.936888
0,82,0.0626998,0.000408061,0.936892
0,82.1,0.0626993,0.00040453,0.936896
0,82.2,0.0626988,0.000401029,0.9369
0,82.3,0.0626983,0.000397559,0.936904
0,82.4,0.0626977,0.000394119,0.936908
0,82.5,0.0626972,0.000390708,0.936912
0,82.6,0.0626967,0.000387328,0.936916
0,82.7,0.0626962,0.000383976,0.93692
0,82.8,0.0626957,0.000380653,0.936924
0,82.9,0.0626952,0.000377359,0.936927
0,83,0.0626947,0.000374094,0.936931
0,83.1,0.0626942,0.000370857,0.936935
0,83.2,0.0626937,0.000367648,0.936939
0,83.3,0.0626933,0.000364466,0.936942
0,83.4,0.0626928,0.000361313,0.936946
0,83.5,0.0626923,0.000358186,0.936949
0,83.6,0.0626919,0.000355086,0.936953
0,83.7,0.0626914,0.000352014,0.936957
0,83.8,0.0626909,0.000348968,0.93696
0,83.9,0.0626905,0.000345948,0.936964
0,84,0.06269,0.000342954,0.936967
0,84.1,0.0626896,0.000339987,0.93697
0,84.2,0.0626891,0.000337045,0.936974
0,84.3,0.0626887,0.000334128,0.936977
0,84.4,0.0626883,0.000331237,0.93698
0,84.5,0.0626878,0.000328371,0.936984
0,84.6,0.0626874,0.000325529,0.936987
0,84.7,0.062687,0.000322712,0.93699
0,84.8,0.0626866,0.00031992,0.936994
0,84.9,0.0626861,0.000317151,0.936997
0,85,0.0626857,0.000314407,0.937
0,85.1,0.0626853,0.000311686,0.937003
0,85.2,0.0626849,0.000308989,0.937006
0,85.3,0.0626845,0.000306316,0.937009
0,85.4,0.0626841,0.000303665,0.937012
0,85.5,0.0626837,0.000301037,0.937015
0,85.6,0.0626833,0.000298432,0.937018
0,85.7,0.0626829,0.00029585,0.937021
0,85.8,0.0626825,0.00029329,0.937024
0,85.9,0.0626822,0.000290752,0.937027
0,86,0.0626818,0.000288236,0.93703
0,86.1,0.0626814,0.000285742,0.937033
0,86.2,0.062681,0.00028327,0.937036
0,86.3,0.0626807,0.000280818,0.937039
0,86.4,0.0626803,0.000278389,0.937041
0,86.5,0.0626799,0.00027598,0.937044
0,86.6,0.0626796,0.000273592,0.937047
0,86.7,0.0626792,0.000271224,0.93705
0,86.8,0.0626789,0.000268877,0.937052
0,86.9,0.0626785,0.000266551,0.937055
0,87,0.0626782,0.000264244,0.937058
0,87.1,0.0626778,0.000261958,0.93706
0,87.2,0.0626775,0.000259691,0.937063
0,87.3,0.0626771,0.000257444,0.937065
0,87.4,0.0626768,0.000255217,0.937068
0,87.5,0.0626765,0.000253008,0.937071
0,87.6,0.0626761,0.000250819,0.937073
0,87.7,0.0626758,0.000248649,0.937076
0,87.8,0.0626755,0.000246497,0.937078
0,87.9,0.0626752,0.000244364,0.93708
0,88,0.0626749,0.00024225,0.937083
0,88.1,0.0626745,0.000240154,0.937085
0,88.2,0.0626742,0.000238076,0.937088
0,88.3,0.0626739,0.000236016,0.93709
0,88.4,0.0626736,0.000233974,0.937092
0,88.5,0.0626733,0.000231949,0.937095
0,88.6,0.062673,0.000229943,0.937097
0,88.7,0.0626727,0.000227953,0.937099
0,88.8,0.0626724,0.000225981,0.937102
0,88.9,0.0626721,0.000224025,0.937104
0,89,0.0626718,0.000222087,0.937106
0,89.1,0.0626715,0.000220166,0.937108
0,89.2,0.0626712,0.000218261,0.93711
0,89.3,0.062671,0.000216372,0.937113
0,89.4,0.0626707,0.0002145,0.937115
0,89.5,0.0626704,0.000212644,0.937117
0,89.6,0.0626701,0.000210804,0.937119
0,89.7,0.0626698,0.000208981,0.937121
0,89.8,0.0626696,0.000207172,0.937123
0,89.9,0.0626693,0.00020538,0.937125
0,90,0.062669,0.000203603,0.937127
0,90.1,0.0626688,0.000201842,0.937129
0,90.2,0.0626685,0.000200095,0.937131
0,90.3,0.0626682,0.000198364,0.937133
0,90.4,0.062668,0.000196648,0.937135
0,90.5,0.0626677,0.000194947,0.937137
0,90.6,0.0626675,0.00019326,0.937139
0,90.7,0.0626672,0.000191588,0.937141
0,90.8,0.062667,0.00018993,0.937143
0,90.9,0.0626667,0.000188287,0.937145
0,91,0.0626665,0.000186658,0.937147
0,91.1,0.0626662,0.000185043,0.937149
0,91.2,0.062666,0.000183443,0.937151
0,91.3,0.0626658,0.000181856,0.937152
0,91.4,0.0626655,0.000180282,0.937154
0,91.5,0.0626653,0.000178723,0.937156
0,91.6,0.062665,0.000177176,0.937158
0,91.7,0.0626648,0.000175644,0.93716
0,91.8,0.0626646,0.000174124,0.937161
0,91.9,0.0626644,0.000172618,0.937163
0,92,0.0626641,0.000171125,0.937165
0,92.1,0.0626639,0.000169644,0.937166
0,92.2,0.0626637,0.000168177,0.937168
0,92.3,0.0626635,0.000166722,0.93717
0,92.4,0.0626632,0.000165279,0.937171
0,92.5,0.062663,0.00016385,0.937173
0,92.6,0.0626628,0.000162432,0.937175
0,92.7,0.0626626,0.000161027,0.937176
0,92.8,0.0626624,0.000159634,0.937178
0,92.9,0.0626622,0.000158253,0.93718
0,93,0.062662,0.000156884,0.937181
0,93.1,0.0626618,0.000155527,0.937183
0,93.2,0.0626616,0.000154182,0.937184
0,93.3,0.0626614,0.000152848,0.937186
0,93.4,0.0626612,0.000151526,0.937187
0,93.5,0.062661,0.000150215,0.937189
0,93.6,0.0626608,0.000148916,0.93719
0,93.7,0.0626606,0.000147628,0.937192
0,93.8,0.0626604,0.000146351,0.937193
0,93.9,0.0626602,0.000145085,0.937195
0,94,0.06266,0.00014383,0.937196
0,94.1,0.0626598,0.000142586,0.937198
0,94.2,0.0626596,0.000141353,0.937199
0,94.3,0.0626595,0.00014013,0.9372
0,94.4,0.0626593,0.000138918,0.937202
0,94.5,0.0626591,0.000137716,0.937203
0,94.6,0.0626589,0.000136525,0.937205
0,94.7,0.0626587,0.000135344,0.937206
0,94.8,0.0626586,0.000134174,0.937207
0,94.9,0.0626584,0.000133013,0.937209
0,95,0.0626582,0.000131863,0.93721
0,95.1,0.062658,0.000130722,0.937211
0,95.2,0.0626579,0.000129592,0.937213
0,95.3,0.0626577,0.000128471,0.937214
0,95.4,0.0626575,0.00012736,0.937215
0,95.5,0.0626574,0.000126258,0.937216
0,95.6,0.0626572,0.000125166,0.937218
0,95.7,0.062657,0.000124084,0.937219
0,95.8,0.0626569,0.000123011,0.93722
0,95.9,0.0626567,0.000121947,0.937221
0,96,0.0626565,0.000120892,0.937223
0,96.1,0.0626564,0.000119847,0.937224
0,96.2,0.0626562,0.00011881,0.937225
0,96.3,0.0626561,0.000117783,0.937226
0,96.4,0.0626559,0.000116764,0.937227
0,96.5,0.0626558,0.000115754,0.937228
0,96.6,0.0626556,0.000114753,0.93723
0,96.7,0.0626555,0.000113761,0.937231
0,96.8,0.0626553,0.000112777,0.937232
0,96.9,0.0626552,0.000111802,0.937233
0,97,0.062655,0.000110835,0.937234
0,97.1,0.0626549,0.000109877,0.937235
0,97.2,0.0626547,0.000108926,0.937236
0,97.3,0.0626546,0.000107985,0.937237
0,97.4,0.0626544,0.000107051,0.937239
0,97.5,0.0626543,0.000106125,0.93724
0,97.6,0.0626542,0.000105207,0.937241
0,97.7,0.062654,0.000104298,0.937242
0,97.8,0.0626539,0.000103396,0.937243
0,97.9,0.0626538,0.000102502,0.937244
0,98,0.0626536,0.000101615,0.937245
0,98.1,0.0626535,0.000100737,0.937246
0,98.2,0.0626534,9.98658e-05,0.937247
0,98.3,0.0626532,9.90023e-05,0.937248
0,98.4,0.0626531,9.81463e-05,0.937249
0,98.5,0.062653,9.72977e-05,0.93725
0,98.6,0.0626528,9.64564e-05,0.937251
0,98.7,0.0626527,9.56224e-05,0.937252
0,98.8,0.0626526,9.47957e-05,0.937253
0,98.9,0.0626525,9.39761e-05,0.937254
0,99,0.0626523,9.31636e-05,0.937254
0,99.1,0.0626522,9.23581e-05,0.937255
0,99.2,0.0626521,9.15596e-05,0.937256
0,99.3,0.062652,9.0768e-05,0.937257
0,99.4,0.0626519,8.99832e-05,0.937258
0,99.5,0.0626517,8.92053e-05,0.937259
0,99.6,0.0626516,8.84341e-05,0.93726
0,99.7,0.0626515,8.76695e-05,0.937261
0,99.8,0.0626514,8.69116e-05,0.937262
0,99.9,0.0626513,8.61603e-05,0.937263
