Process,Time,S,I,R
0,0,0.147097,0.64798,0.204922
0,0.2,0.140796,0.641387,0.217816
0,0.4,0.134911,0.634514,0.230576
0,0.6,0.129406,0.627399,0.243195
0,0.8,0.124253,0.620077,0.25567
0,1,0.119423,0.612581,0.267997
0,1.2,0.114891,0.604937,0.280172
0,1.4,0.110635,0.597172,0.292193
0,1.6,0.106633,0.589309,0.304058
0,1.8,0.102867,0.581368,0.315765
0,2,0.0993202,0.573368,0.327312
0,2.2,0.0959756,0.565326,0.338699
0,2.4,0.0928193,0.557256,0.349925
0,2.6,0.0898381,0.549173,0.360989
0,2.8,0.0870197,0.541089,0.371891
0,3,0.0843531,0.533015,0.382632
0,3.2,0.081828,0.52496,0.393212
0,3.4,0.079435,0.516934,0.403631
0,3.6,0.0771654,0.508945,0.413889
0,3.8,0.0750112,0.501,0.423989
0,4,0.0729651,0.493105,0.433929
0,4.2,0.0710202,0.485267,0.443713
0,4.4,0.0691701,0.477489,0.45334
0,4.6,0.0674092,0.469778,0.462813
0,4.8,0.0657319,0.462136,0.472132
0,5,0.0641332,0.454568,0.481299
0,5.2,0.0626085,0.447077,0.490315
0,5.4,0.0611534,0.439664,0.499182
0,5.6,0.059764,0.432334,0.507902
0,5.8,0.0584364,0.425087,0.516476
0,6,0.0571673,0.417927,0.524906
0,6.2,0.0559533,0.410853,0.533194
0,6.4,0.0547914,0.403868,0.541341
0,6.6,0.0536788,0.396972,0.549349
0,6.8,0.0526129,0.390167,0.55722
0,7,0.0515911,0.383453,0.564956
0,7.2,0.0506111,0.37683,0.572559
0,7.4,0.0496709,0.370299,0.58003
0,7.6,0.0487682,0.363861,0.587371
0,7.8,0.0479013,0.357514,0.594585
0,8,0.0470684,0.351259,0.601672
0,8.2,0.0462677,0.345097,0.608636
0,8.4,0.0454977,0.339026,0.615477
0,8.6,0.0447569,0.333046,0.622197
0,8.8,0.0440439,0.327157,0.628799
0,9,0.0433573,0.321358,0.635284
0,9.2,0.0426961,0.31565,0.641654
0,9.4,0.0420589,0.31003,0.647911
0,9.6,0.0414446,0.3045,0.654056
0,9.8,0.0408523,0.299056,0.660091
0,10,0.0402809,0.2937,0.666019
0,10.2,0.0397295,0.288431,0.67184
0,10.4,0.0391973,0.283246,0.677556
0,10.6,0.0386833,0.278147,0.68317
0,10.8,0.0381869,0.27313,0.688683
0,11,0.0377072,0.268197,0.694096
0,11.2,0.0372435,0.263345,0.699411
0,11.4,0.0367953,0.258575,0.70463
0,11.6,0.0363617,0.253884,0.709755
0,11.8,0.0359423,0.249272,0.714786
0,12,0.0355365,0.244737,0.719726
0,12.2,0.0351437,0.24028,0.724576
0,12.4,0.0347633,0.235899,0.729338
0,12.6,0.034395,0.231592,0.734012
0,12.8,0.0340382,0.22736,0.738602
0,13,0.0336925,0.2232,0.743107
0,13.2,0.0333575,0.219112,0.74753
0,13.4,0.0330326,0.215095,0.751872
0,13.6,0.0327177,0.211148,0.756135
0,13.8,0.0324123,0.207269,0.760319
0,14,0.032116,0.203458,0.764426
0,14.2,0.0318285,0.199714,0.768457
0,14.4,0.0315494,0.196036,0.772415
0,14.6,0.0312786,0.192422,0.776299
0,14.8,0.0310156,0.188872,0.780112
0,15,0.0307603,0.185385,0.783855
0,15.2,0.0305123,0.18196,0.787528
0,15.4,0.0302713,0.178595,0.791133
0,15.6,0.0300372,0.175291,0.794672
0,15.8,0.0298097,0.172045,0.798145
0,16,0.0295886,0.168857,0.801554
0,16.2,0.0293736,0.165726,0.8049
0,16.4,0.0291645,0.162652,0.808184
0,16.6,0.0289613,0.159632,0.811406
0,16.8,0.0287635,0.156667,0.814569
0,17,0.0285712,0.153755,0.817673
0,17.2,0.028384,0.150896,0.82072
0,17.4,0.0282019,0.148088,0.82371
0,17.6,0.0280247,0.145332,0.826644
0,17.8,0.0278521,0.142625,0.829523
0,18,0.0276842,0.139967,0.832349
0,18.2,0.0275206,0.137357,0.835122
0,18.4,0.0273614,0.134795,0.837844
0,18.6,0.0272063,0.132279,0.840514
0,18.8,0.0270552,0.12981,0.843135
0,19,0.026908,0.127385,0.845707
0,19.2,0.0267646,0.125005,0.848231
0,19.4,0.0266248,0.122668,0.850707
0,19.6,0.0264886,0.120374,0.853138
0,19.8,0.0263559,0.118121,0.855523
1,0,1.84906e-06,0.881203,0.118795
1,0.2,1.74429e-06,0.863754,0.136244
1,0.4,1.64736e-06,0.846651,0.153348
1,0.6,1.55758e-06,0.829886,0.170113
1,0.8,1.47432e-06,0.813453,0.186545
1,1,1.39704e-06,0.797346,0.202653
1,1.2,1.32522e-06,0.781557,0.218441
1,1.4,1.2584e-06,0.766082,0.233917
1,1.6,1.19618e-06,0.750912,0.249087
1,1.8,1.13818e-06,0.736043,0.263956
1,2,1.08405e-06,0.721469,0.27853
1,2.2,1.0335e-06,0.707183,0.292816
1,2.4,9.86237e-07,0.693179,0.30682
1,2.6,9.42008e-07,0.679454,0.320545
1,2.8,9.00579e-07,0.666,0.333999
1,3,8.6174e-07,0.652812,0.347187
1,3.2,8.25296e-07,0.639885,0.360114
1,3.4,7.9107e-07,0.627215,0.372784
1,3.6,7.589e-07,0.614795,0.385204
1,3.8,7.28637e-07,0.602622,0.397378
1,4,7.00144e-07,0.590689,0.40931
1,4.2,6.73297e-07,0.578992,0.421007
1,4.4,6.47981e-07,0.567528,0.432472
1,4.6,6.24091e-07,0.55629,0.443709
1,4.8,6.01528e-07,0.545275,0.454725
1,5,5.80204e-07,0.534477,0.465522
1,5.2,5.60036e-07,0.523894,0.476105
1,5.4,5.40948e-07,0.51352,0.486479
1,5.6,5.2287e-07,0.503352,0.496647
1,5.8,5.05736e-07,0.493385,0.506615
1,6,4.89486e-07,0.483615,0.516384
1,6.2,4.74065e-07,0.474039,0.52596
1,6.4,4.59421e-07,0.464653,0.535347
1,6.6,4.45506e-07,0.455452,0.544548
1,6.8,4.32275e-07,0.446433,0.553566
1,7,4.19688e-07,0.437593,0.562406
1,7.2,4.07706e-07,0.428928,0.571071
1,7.4,3.96294e-07,0.420435,0.579565
1,7.6,3.85417e-07,0.41211,0.58789
1,7.8,3.75045e-07,0.40395,0.59605
1,8,3.6515e-07,0.395951,0.604049
1,8.2,3.55704e-07,0.38811,0.611889
1,8.4,3.46683e-07,0.380425,0.619574
1,8.6,3.38062e-07,0.372892,0.627107
1,8.8,3.2982e-07,0.365509,0.634491
1,9,3.21936e-07,0.358271,0.641728
1,9.2,3.14391e-07,0.351177,0.648823
1,9.4,3.07167e-07,0.344223,0.655777
1,9.6,3.00248e-07,0.337407,0.662593
1,9.8,2.93616e-07,0.330726,0.669274
1,10,2.87259e-07,0.324177,0.675823
1,10.2,2.8116e-07,0.317758,0.682242
1,10.4,2.75308e-07,0.311466,0.688534
1,10.6,2.6969e-07,0.305299,0.694701
1,10.8,2.64295e-07,0.299253,0.700746
1,11,2.59111e-07,0.293328,0.706672
1,11.2,2.54129e-07,0.287519,0.71248
1,11.4,2.49338e-07,0.281826,0.718174
1,11.6,2.4473e-07,0.276246,0.723754
1,11.8,2.40296e-07,0.270776,0.729224
1,12,2.36027e-07,0.265414,0.734586
1,12.2,2.31917e-07,0.260158,0.739841
1,12.4,2.27957e-07,0.255007,0.744993
1,12.6,2.24142e-07,0.249957,0.750042
1,12.8,2.20464e-07,0.245008,0.754992
1,13,2.16917e-07,0.240156,0.759843
1,13.2,2.13496e-07,0.235401,0.764599
1,13.4,2.10196e-07,0.23074,0.76926
1,13.6,2.0701e-07,0.226171,0.773829
1,13.8,2.03934e-07,0.221692,0.778307
1,14,2.00963e-07,0.217303,0.782697
1,14.2,1.98093e-07,0.213,0.787
1,14.4,1.9532e-07,0.208782,0.791218
1,14.6,1.92639e-07,0.204648,0.795352
1,14.8,1.90047e-07,0.200596,0.799404
1,15,1.8754e-07,0.196623,0.803376
1,15.2,1.85115e-07,0.19273,0.80727
1,15.4,1.82769e-07,0.188914,0.811086
1,15.6,1.80498e-07,0.185173,0.814827
1,15.8,1.78299e-07,0.181506,0.818493
1,16,1.7617e-07,0.177912,0.822088
1,16.2,1.74107e-07,0.174389,0.82561
1,16.4,1.72109e-07,0.170936,0.829064
1,16.6,1.70172e-07,0.167551,0.832448
1,16.8,1.68296e-07,0.164234,0.835766
1,17,1.66476e-07,0.160982,0.839018
1,17.2,1.64711e-07,0.157794,0.842206
1,17.4,1.63e-07,0.15467,0.84533
1,17.6,1.6134e-07,0.151607,0.848393
1,17.8,1.59729e-07,0.148605,0.851395
1,18,1.58165e-07,0.145662,0.854338
1,18.2,1.56648e-07,0.142778,0.857222
1,18.4,1.55174e-07,0.139951,0.860049
1,18.6,1.53743e-07,0.13718,0.86282
1,18.8,1.52354e-07,0.134463,0.865537
1,19,1.51004e-07,0.131801,0.868199
1,19.2,1.49692e-07,0.129191,0.870809
1,19.4,1.48417e-07,0.126633,0.873367
1,19.6,1.47179e-07,0.124125,0.875875
1,19.8,1.45974e-07,0.121667,0.878332
2,0,5.559e-07,0.712572,0.287427
2,0.2,5.28391e-07,0.698462,0.301537
2,0.4,5.02813e-07,0.684632,0.315368
2,0.6,4.79004e-07,0.671075,0.328924
2,0.8,4.56816e-07,0.657787,0.342212
2,1,4.36116e-07,0.644762,0.355238
2,1.2,4.16785e-07,0.631995,0.368005
2,1.4,3.98713e-07,0.619481,0.380519
2,1.6,3.81802e-07,0.607214,0.392786
2,1.8,3.6596e-07,0.59519,0.404809
2,2,3.51106e-07,0.583405,0.416595
2,2.2,3.37166e-07,0.571853,0.428147
2,2.4,3.2407e-07,0.560529,0.43947
2,2.6,3.11756e-07,0.54943,0.45057
2,2.8,3.00169e-07,0.538551,0.461449
2,3,2.89254e-07,0.527887,0.472113
2,3.2,2.78964e-07,0.517434,0.482566
2,3.4,2.69256e-07,0.507188,0.492812
2,3.6,2.6009e-07,0.497145,0.502855
2,3.8,2.51427e-07,0.487301,0.512699
2,4,2.43234e-07,0.477652,0.522348
2,4.2,2.3548e-07,0.468194,0.531806
2,4.4,2.28136e-07,0.458923,0.541077
2,4.6,2.21174e-07,0.449835,0.550164
2,4.8,2.14571e-07,0.440928,0.559072
2,5,2.08303e-07,0.432197,0.567803
2,5.2,2.0235e-07,0.423639,0.576361
2,5.4,1.96691e-07,0.41525,0.584749
2,5.6,1.91309e-07,0.407028,0.592972
2,5.8,1.86187e-07,0.398968,0.601032
2,6,1.81309e-07,0.391068,0.608932
2,6.2,1.76661e-07,0.383324,0.616675
2,6.4,1.72229e-07,0.375734,0.624266
2,6.6,1.68002e-07,0.368294,0.631706
2,6.8,1.63966e-07,0.361001,0.638998
2,7,1.60111e-07,0.353853,0.646147
2,7.2,1.56428e-07,0.346846,0.653153
2,7.4,1.52906e-07,0.339978,0.660022
2,7.6,1.49537e-07,0.333246,0.666754
2,7.8,1.46312e-07,0.326648,0.673352
2,8,1.43224e-07,0.32018,0.67982
2,8.2,1.40266e-07,0.31384,0.68616
2,8.4,1.3743e-07,0.307625,0.692375
2,8.6,1.34711e-07,0.301534,0.698466
2,8.8,1.32102e-07,0.295563,0.704437
2,9,1.29597e-07,0.28971,0.710289
2,9.2,1.27193e-07,0.283974,0.716026
2,9.4,1.24882e-07,0.278351,0.721649
2,9.6,1.22662e-07,0.272839,0.727161
2,9.8,1.20527e-07,0.267436,0.732563
2,10,1.18474e-07,0.262141,0.737859
2,10.2,1.16498e-07,0.25695,0.74305
2,10.4,1.14596e-07,0.251862,0.748138
2,10.6,1.12764e-07,0.246875,0.753125
2,10.8,1.10999e-07,0.241987,0.758013
2,11,1.09299e-07,0.237195,0.762805
2,11.2,1.0766e-07,0.232498,0.767502
2,11.4,1.06079e-07,0.227894,0.772106
2,11.6,1.04554e-07,0.223382,0.776618
2,11.8,1.03082e-07,0.218958,0.781041
2,12,1.01661e-07,0.214623,0.785377
2,12.2,1.00289e-07,0.210373,0.789627
2,12.4,9.89643e-08,0.206207,0.793793
2,12.6,9.7684e-08,0.202124,0.797876
2,12.8,9.64465e-08,0.198122,0.801878
2,13,9.52502e-08,0.194199,0.805801
2,13.2,9.40932e-08,0.190353,0.809647
2,13.4,9.29741e-08,0.186584,0.813416
2,13.6,9.18912e-08,0.182889,0.81711
2,13.8,9.08431e-08,0.179268,0.820732
2,14,8.98285e-08,0.175718,0.824282
2,14.2,8.88459e-08,0.172239,0.827761
2,14.4,8.78942e-08,0.168828,0.831172
2,14.6,8.69722e-08,0.165485,0.834515
2,14.8,8.60787e-08,0.162208,0.837791
2,15,8.52126e-08,0.158996,0.841003
2,15.2,8.43729e-08,0.155848,0.844152
2,15.4,8.35587e-08,0.152762,0.847238
2,15.6,8.27689e-08,0.149737,0.850263
2,15.8,8.20027e-08,0.146772,0.853228
2,16,8.12592e-08,0.143866,0.856134
2,16.2,8.05375e-08,0.141017,0.858983
2,16.4,7.9837e-08,0.138225,0.861775
2,16.6,7.91569e-08,0.135488,0.864512
2,16.8,7.84963e-08,0.132805,0.867195
2,17,7.78547e-08,0.130175,0.869825
2,17.2,7.72314e-08,0.127598,0.872402
2,17.4,7.66257e-08,0.125071,0.874929
2,17.6,7.60371e-08,0.122595,0.877405
2,17.8,7.5465e-08,0.120167,0.879833
2,18,7.49087e-08,0.117788,0.882212
2,18.2,7.43679e-08,0.115455,0.884545
2,18.4,7.38419e-08,0.113169,0.886831
2,18.6,7.33303e-08,0.110928,0.889072
2,18.8,7.28326e-08,0.108732,0.891268
2,19,7.23483e-08,0.106579,0.893421
2,19.2,7.18771e-08,0.104468,0.895532
2,19.4,7.14185e-08,0.1024,0.8976
2,19.6,7.09721e-08,0.100372,0.899628
2,19.8,7.05374e-08,0.0983844,0.901616
3,0,0.0785265,0.853724,0.0677498
3,0.2,0.0740815,0.841219,0.0846993
3,0.4,0.0699687,0.828633,0.101398
3,0.6,0.0661591,0.815997,0.117844
3,0.8,0.0626263,0.803336,0.134037
3,1,0.0593466,0.790676,0.149977
3,1.2,0.0562986,0.778037,0.165664
3,1.4,0.0534629,0.765438,0.181099
3,1.6,0.050822,0.752896,0.196282
3,1.8,0.0483601,0.740425,0.211215
3,2,0.0460626,0.728038,0.225899
3,2.2,0.0439167,0.715746,0.240337
3,2.4,0.0419102,0.70356,0.25453
3,2.6,0.0400325,0.691487,0.26848
3,2.8,0.0382737,0.679536,0.28219
3,3,0.0366246,0.667713,0.295662
3,3.2,0.0350772,0.656023,0.308899
3,3.4,0.033624,0.644472,0.321904
3,3.6,0.0322579,0.633063,0.334679
3,3.8,0.0309727,0.6218,0.347227
3,4,0.0297628,0.610685,0.359552
3,4.2,0.0286226,0.599722,0.371656
3,4.4,0.0275474,0.588911,0.383542
3,4.6,0.0265328,0.578254,0.395213
3,4.8,0.0255744,0.567753,0.406673
3,5,0.0246687,0.557407,0.417924
3,5.2,0.023812,0.547218,0.42897
3,5.4,0.0230012,0.537185,0.439814
3,5.6,0.0222333,0.527308,0.450459
3,5.8,0.0215054,0.517587,0.460907
3,6,0.0208151,0.508022,0.471163
3,6.2,0.0201599,0.498611,0.481229
3,6.4,0.0195377,0.489354,0.491108
3,6.6,0.0189465,0.480249,0.500804
3,6.8,0.0183844,0.471296,0.510319
3,7,0.0178496,0.462493,0.519657
3,7.2,0.0173405,0.453839,0.52882
3,7.4,0.0168555,0.445333,0.537812
3,7.6,0.0163933,0.436972,0.546634
3,7.8,0.0159526,0.428756,0.555291
3,8,0.0155321,0.420682,0.563785
3,8.2,0.0151307,0.41275,0.57212
3,8.4,0.0147473,0.404956,0.580296
3,8.6,0.0143809,0.3973,0.588319
3,8.8,0.0140307,0.38978,0.596189
3,9,0.0136956,0.382394,0.603911
3,9.2,0.0133749,0.375139,0.611486
3,9.4,0.0130679,0.368015,0.618917
3,9.6,0.0127738,0.361019,0.626207
3,9.8,0.0124919,0.354149,0.633359
3,10,0.0122217,0.347404,0.640374
3,10.2,0.0119625,0.340782,0.647256
3,10.4,0.0117137,0.33428,0.654006
3,10.6,0.0114749,0.327897,0.660628
3,10.8,0.0112456,0.321632,0.667123
3,11,0.0110252,0.315481,0.673494
3,11.2,0.0108134,0.309444,0.679743
3,11.4,0.0106097,0.303518,0.685872
3,11.6,0.0104138,0.297702,0.691884
3,11.8,0.0102253,0.291994,0.697781
3,12,0.0100439,0.286391,0.703565
3,12.2,0.0098691,0.280894,0.709237
3,12.4,0.00970076,0.275498,0.714801
3,12.6,0.00953854,0.270204,0.720258
3,12.8,0.00938217,0.265008,0.72561
3,13,0.00923138,0.25991,0.730859
3,13.2,0.00908593,0.254907,0.736007
3,13.4,0.00894558,0.249999,0.741056
3,13.6,0.00881012,0.245182,0.746007
3,13.8,0.00867933,0.240457,0.750864
3,14,0.00855301,0.235821,0.755626
3,14.2,0.00843098,0.231272,0.760297
3,14.4,0.00831306,0.226809,0.764878
3,14.6,0.00819907,0.222431,0.76937
3,14.8,0.00808885,0.218136,0.773776
3,15,0.00798226,0.213922,0.778096
3,15.2,0.00787914,0.209788,0.782333
3,15.4,0.00777935,0.205733,0.786488
3,15.6,0.00768277,0.201754,0.790563
3,15.8,0.00758926,0.197852,0.794559
3,16,0.00749871,0.194024,0.798477
3,16.2,0.007411,0.190269,0.80232
3,16.4,0.00732603,0.186585,0.806089
3,16.6,0.00724368,0.182972,0.809784
3,16.8,0.00716386,0.179428,0.813408
3,17,0.00708647,0.175952,0.816962
3,17.2,0.00701143,0.172542,0.820446
3,17.4,0.00693865,0.169198,0.823864
3,17.6,0.00686804,0.165917,0.827215
3,17.8,0.00679952,0.1627,0.830501
3,18,0.00673303,0.159544,0.833723
3,18.2,0.00666848,0.156449,0.836883
3,18.4,0.00660582,0.153413,0.839981
3,18.6,0.00654496,0.150435,0.84302
3,18.8,0.00648585,0.147515,0.845999
3,19,0.00642844,0.144651,0.848921
3,19.2,0.00637265,0.141842,0.851786
3,19.4,0.00631844,0.139087,0.854595
3,19.6,0.00626574,0.136385,0.857349
3,19.8,0.00621452,0.133735,0.860051
