Process,Time,S,I,R
0,0,0.240433,0.26505,0.494517
0,0.1,0.24032,0.262525,0.497155
0,0.2,0.240208,0.260024,0.499767
0,0.3,0.240098,0.257547,0.502355
0,0.4,0.239988,0.255093,0.504918
0,0.5,0.23988,0.252663,0.507457
0,0.6,0.239772,0.250256,0.509972
0,0.7,0.239666,0.247872,0.512462
0,0.8,0.23956,0.245511,0.514929
0,0.9,0.239455,0.243172,0.517373
0,1,0.239351,0.240856,0.519793
0,1.1,0.239247,0.238563,0.52219
0,1.2,0.239144,0.236291,0.524564
0,1.3,0.239042,0.234042,0.526916
0,1.4,0.23894,0.231815,0.529245
0,1.5,0.238839,0.229609,0.531552
0,1.6,0.238739,0.227424,0.533837
0,1.7,0.238638,0.225261,0.536101
0,1.8,0.238538,0.223119,0.538343
0,1.9,0.238439,0.220998,0.540563
0,2,0.23834,0.218897,0.542763
0,2.1,0.238241,0.216817,0.544941
0,2.2,0.238143,0.214758,0.547099
0,2.3,0.238045,0.212719,0.549236
0,2.4,0.237947,0.2107,0.551353
0,2.5,0.237849,0.2087,0.55345
0,2.6,0.237752,0.206721,0.555528
0,2.7,0.237655,0.20476,0.557585
0,2.8,0.237558,0.20282,0.559623
0,2.9,0.237461,0.200898,0.561641
0,3,0.237364,0.198995,0.563641
0,3.1,0.237267,0.197111,0.565621
0,3.2,0.237171,0.195246,0.567583
0,3.3,0.237074,0.193399,0.569526
0,3.4,0.236978,0.191571,0.571451
0,3.5,0.236882,0.18976,0.573358
0,3.6,0.236785,0.187968,0.575246
0,3.7,0.236689,0.186193,0.577117
0,3.8,0.236593,0.184437,0.57897
0,3.9,0.236497,0.182697,0.580806
0,4,0.236401,0.180975,0.582624
0,4.1,0.236305,0.17927,0.584426
0,4.2,0.236209,0.177582,0.58621
0,4.3,0.236113,0.17591,0.587977
0,4.4,0.236016,0.174256,0.589728
0,4.5,0.23592,0.172617,0.591462
0,4.6,0.235824,0.170995,0.59318
0,4.7,0.235728,0.16939,0.594882
0,4.8,0.235632,0.1678,0.596568
0,4.9,0.235536,0.166226,0.598238
0,5,0.235439,0.164668,0.599893
0,5.1,0.235343,0.163125,0.601532
0,5.2,0.235247,0.161598,0.603155
0,5.3,0.235151,0.160085,0.604764
0,5.4,0.235054,0.158588,0.606357
0,5.5,0.234958,0.157106,0.607936
0,5.6,0.234862,0.155639,0.609499
0,5.7,0.234766,0.154186,0.611048
0,5.8,0.234669,0.152748,0.612583
0,5.9,0.234573,0.151324,0.614103
0,6,0.234477,0.149914,0.61561
0,6.1,0.23438,0.148518,0.617102
0,6.2,0.234284,0.147136,0.61858
0,6.3,0.234188,0.145767,0.620045
0,6.4,0.234092,0.144413,0.621495
0,6.5,0.233996,0.143072,0.622933
0,6.6,0.2339,0.141744,0.624357
0,6.7,0.233803,0.140429,0.625768
0,6.8,0.233707,0.139127,0.627166
0,6.9,0.233612,0.137838,0.62855
0,7,0.233516,0.136562,0.629922
0,7.1,0.23342,0.135298,0.631282
0,7.2,0.233324,0.134047,0.632628
0,7.3,0.233229,0.132809,0.633963
0,7.4,0.233133,0.131582,0.635285
0,7.5,0.233038,0.130368,0.636594
0,7.6,0.232943,0.129165,0.637892
0,7.7,0.232848,0.127974,0.639178
0,7.8,0.232753,0.126795,0.640452
0,7.9,0.232658,0.125628,0.641714
0,8,0.232564,0.124472,0.642964
0,8.1,0.23247,0.123327,0.644203
0,8.2,0.232375,0.122194,0.645431
0,8.3,0.232281,0.121072,0.646647
0,8.4,0.232188,0.11996,0.647852
0,8.5,0.232094,0.118859,0.649046
0,8.6,0.232001,0.11777,0.650229
0,8.7,0.231908,0.11669,0.651402
0,8.8,0.231815,0.115621,0.652563
0,8.9,0.231723,0.114563,0.653714
0,9,0.231631,0.113515,0.654855
0,9.1,0.231539,0.112477,0.655984
0,9.2,0.231447,0.111448,0.657104
0,9.3,0.231356,0.11043,0.658213
0,9.4,0.231265,0.109422,0.659313
0,9.5,0.231175,0.108423,0.660402
0,9.6,0.231085,0.107434,0.661481
0,9.7,0.230995,0.106455,0.662551
0,9.8,0.230905,0.105484,0.66361
0,9.9,0.230816,0.104523,0.66466
0,10,0.230727,0.103572,0.665701
0,10.1,0.230639,0.102629,0.666732
0,10.2,0.230551,0.101695,0.667753
0,10.3,0.230464,0.10077,0.668766
0,10.4,0.230377,0.0998544,0.669769
0,10.5,0.23029,0.098947,0.670763
0,10.6,0.230204,0.0980482,0.671748
0,10.7,0.230118,0.0971579,0.672724
0,10.8,0.230033,0.096276,0.673691
0,10.9,0.229948,0.0954024,0.674649
0,11,0.229864,0.094537,0.675599
0,11.1,0.22978,0.0936798,0.67654
0,11.2,0.229697,0.0928306,0.677473
0,11.3,0.229614,0.0919893,0.678397
0,11.4,0.229532,0.0911559,0.679313
0,11.5,0.22945,0.0903303,0.68022
0,11.6,0.229368,0.0895124,0.681119
0,11.7,0.229288,0.0887021,0.68201
0,11.8,0.229207,0.0878993,0.682893
0,11.9,0.229128,0.087104,0.683768
0,12,0.229049,0.086316,0.684635
0,12.1,0.22897,0.0855354,0.685495
0,12.2,0.228892,0.0847619,0.686346
0,12.3,0.228815,0.0839956,0.68719
0,12.4,0.228738,0.0832364,0.688026
0,12.5,0.228661,0.0824841,0.688855
0,12.6,0.228585,0.0817388,0.689676
0,12.7,0.22851,0.0810003,0.690489
0,12.8,0.228436,0.0802686,0.691296
0,12.9,0.228362,0.0795436,0.692095
0,13,0.228288,0.0788252,0.692887
0,13.1,0.228215,0.0781134,0.693671
0,13.2,0.228143,0.0774081,0.694449
0,13.3,0.228071,0.0767092,0.69522
0,13.4,0.228,0.0760167,0.695983
0,13.5,0.22793,0.0753304,0.69674
0,13.6,0.22786,0.0746504,0.69749
0,13.7,0.227791,0.0739766,0.698233
0,13.8,0.227722,0.0733089,0.698969
0,13.9,0.227654,0.0726472,0.699699
0,14,0.227586,0.0719915,0.700422
0,14.1,0.227519,0.0713417,0.701139
0,14.2,0.227453,0.0706978,0.701849
0,14.3,0.227387,0.0700597,0.702553
0,14.4,0.227322,0.0694274,0.70325
0,14.5,0.227258,0.0688007,0.703941
0,14.6,0.227194,0.0681797,0.704626
0,14.7,0.227131,0.0675643,0.705305
0,14.8,0.227068,0.0669544,0.705978
0,14.9,0.227006,0.0663499,0.706644
0,15,0.226944,0.0657509,0.707305
0,15.1,0.226883,0.0651573,0.707959
0,15.2,0.226823,0.0645689,0.708608
0,15.3,0.226763,0.0639859,0.709251
0,15.4,0.226704,0.063408,0.709888
0,15.5,0.226646,0.0628353,0.710519
0,15.6,0.226588,0.0622678,0.711144
0,15.7,0.226531,0.0617053,0.711764
0,15.8,0.226474,0.0611478,0.712378
0,15.9,0.226418,0.0605952,0.712987
0,16,0.226362,0.0600476,0.71359
0,16.1,0.226307,0.0595049,0.714188
0,16.2,0.226252,0.058967,0.71478
0,16.3,0.226199,0.0584339,0.715367
0,16.4,0.226145,0.0579056,0.715949
0,16.5,0.226092,0.0573819,0.716526
0,16.6,0.22604,0.0568629,0.717097
0,16.7,0.225989,0.0563485,0.717663
0,16.8,0.225937,0.0558387,0.718224
0,16.9,0.225887,0.0553334,0.71878
0,17,0.225837,0.0548326,0.719331
0,17.1,0.225787,0.0543363,0.719876
0,17.2,0.225738,0.0538443,0.720417
0,17.3,0.22569,0.0533567,0.720953
0,17.4,0.225642,0.0528735,0.721484
0,17.5,0.225595,0.0523945,0.722011
0,17.6,0.225548,0.0519198,0.722532
0,17.7,0.225502,0.0514493,0.723049
0,17.8,0.225456,0.0509829,0.723561
0,17.9,0.22541,0.0505207,0.724069
0,18,0.225366,0.0500626,0.724572
0,18.1,0.225321,0.0496086,0.72507
0,18.2,0.225278,0.0491585,0.725564
0,18.3,0.225234,0.0487125,0.726053
0,18.4,0.225191,0.0482704,0.726538
0,18.5,0.225149,0.0478323,0.727019
0,18.6,0.225107,0.047398,0.727495
0,18.7,0.225066,0.0469676,0.727967
0,18.8,0.225025,0.046541,0.728434
0,18.9,0.224984,0.0461181,0.728897
0,19,0.224944,0.0456991,0.729357
0,19.1,0.224905,0.0452837,0.729811
0,19.2,0.224866,0.044872,0.730262
0,19.3,0.224827,0.044464,0.730709
0,19.4,0.224789,0.0440596,0.731152
0,19.5,0.224751,0.0436588,0.73159
0,19.6,0.224714,0.0432616,0.732025
0,19.7,0.224677,0.0428678,0.732455
0,19.8,0.22464,0.0424776,0.732882
0,19.9,0.224604,0.0420909,0.733305
0,20,0.224569,0.0417075,0.733724
0,20.1,0.224533,0.0413276,0.734139
0,20.2,0.224498,0.0409511,0.734551
0,20.3,0.224464,0.0405779,0.734958
0,20.4,0.22443,0.040208,0.735362
0,20.5,0.224396,0.0398414,0.735762
0,20.6,0.224363,0.0394781,0.736159
0,20.7,0.22433,0.039118,0.736552
0,20.8,0.224298,0.0387611,0.736941
0,20.9,0.224265,0.0384074,0.737327
0,21,0.224234,0.0380568,0.737709
0,21.1,0.224202,0.0377094,0.738088
0,21.2,0.224171,0.0373651,0.738464
0,21.3,0.224141,0.0370238,0.738836
0,21.4,0.22411,0.0366856,0.739204
0,21.5,0.22408,0.0363504,0.739569
0,21.6,0.224051,0.0360181,0.739931
0,21.7,0.224021,0.0356889,0.74029
0,21.8,0.223993,0.0353626,0.740645
0,21.9,0.223964,0.0350392,0.740997
0,22,0.223936,0.0347187,0.741346
0,22.1,0.223908,0.034401,0.741691
0,22.2,0.22388,0.0340862,0.742034
0,22.3,0.223853,0.0337742,0.742373
0,22.4,0.223826,0.033465,0.742709
0,22.5,0.223799,0.0331586,0.743042
0,22.6,0.223773,0.0328549,0.743372
0,22.7,0.223747,0.032554,0.743699
0,22.8,0.223721,0.0322557,0.744024
0,22.9,0.223695,0.0319601,0.744345
0,23,0.22367,0.0316672,0.744663
0,23.1,0.223645,0.0313768,0.744978
0,23.2,0.223621,0.0310891,0.74529
0,23.3,0.223596,0.030804,0.7456
0,23.4,0.223572,0.0305214,0.745906
0,23.5,0.223548,0.0302414,0.74621
0,23.6,0.223525,0.0299639,0.746511
0,23.7,0.223502,0.0296889,0.746809
0,23.8,0.223479,0.0294163,0.747105
0,23.9,0.223456,0.0291463,0.747398
0,24,0.223433,0.0288786,0.747688
0,24.1,0.223411,0.0286134,0.747975
0,24.2,0.223389,0.0283505,0.74826
0,24.3,0.223368,0.02809,0.748542
0,24.4,0.223346,0.0278319,0.748822
0,24.5,0.223325,0.0275761,0.749099
0,24.6,0.223304,0.0273226,0.749374
0,24.7,0.223283,0.0270713,0.749645
0,24.8,0.223263,0.0268224,0.749915
0,24.9,0.223242,0.0265757,0.750182
0,25,0.223222,0.0263312,0.750446
0,25.1,0.223202,0.026089,0.750709
0,25.2,0.223183,0.0258489,0.750968
0,25.3,0.223163,0.025611,0.751226
0,25.4,0.223144,0.0253752,0.75148
0,25.5,0.223125,0.0251416,0.751733
0,25.6,0.223107,0.0249101,0.751983
0,25.7,0.223088,0.0246807,0.752231
0,25.8,0.22307,0.0244534,0.752477
0,25.9,0.223051,0.0242282,0.75272
0,26,0.223034,0.0240049,0.752962
0,26.1,0.223016,0.0237837,0.7532
0,26.2,0.222998,0.0235646,0.753437
0,26.3,0.222981,0.0233474,0.753672
0,26.4,0.222964,0.0231321,0.753904
0,26.5,0.222947,0.0229189,0.754134
0,26.6,0.22293,0.0227076,0.754363
0,26.7,0.222913,0.0224981,0.754589
0,26.8,0.222897,0.0222906,0.754813
0,26.9,0.222881,0.022085,0.755034
0,27,0.222864,0.0218813,0.755254
0,27.1,0.222849,0.0216794,0.755472
0,27.2,0.222833,0.0214794,0.755688
0,27.3,0.222817,0.0212811,0.755902
0,27.4,0.222802,0.0210847,0.756113
0,27.5,0.222787,0.0208901,0.756323
0,27.6,0.222772,0.0206972,0.756531
0,27.7,0.222757,0.0205061,0.756737
0,27.8,0.222742,0.0203168,0.756941
0,27.9,0.222727,0.0201291,0.757144
0,28,0.222713,0.0199432,0.757344
0,28.1,0.222698,0.019759,0.757542
0,28.2,0.222684,0.0195765,0.757739
0,28.3,0.22267,0.0193956,0.757934
0,28.4,0.222657,0.0192164,0.758127
0,28.5,0.222643,0.0190389,0.758318
0,28.6,0.222629,0.0188629,0.758508
0,28.7,0.222616,0.0186886,0.758696
0,28.8,0.222603,0.0185158,0.758882
0,28.9,0.222589,0.0183447,0.759066
0,29,0.222576,0.0181751,0.759249
0,29.1,0.222563,0.0180071,0.759429
0,29.2,0.222551,0.0178406,0.759609
0,29.3,0.222538,0.0176756,0.759786
0,29.4,0.222526,0.0175121,0.759962
0,29.5,0.222513,0.0173502,0.760137
0,29.6,0.222501,0.0171897,0.760309
0,29.7,0.222489,0.0170307,0.76048
0,29.8,0.222477,0.0168732,0.76065
0,29.9,0.222465,0.0167171,0.760818
0,30,0.222453,0.0165624,0.760984
0,30.1,0.222442,0.0164092,0.761149
0,30.2,0.22243,0.0162574,0.761312
0,30.3,0.222419,0.0161069,0.761474
0,30.4,0.222408,0.0159579,0.761635
0,30.5,0.222396,0.0158102,0.761793
0,30.6,0.222385,0.0156639,0.761951
0,30.7,0.222374,0.0155189,0.762107
0,30.8,0.222364,0.0153753,0.762261
0,30.9,0.222353,0.0152329,0.762414
0,31,0.222342,0.0150919,0.762566
0,31.1,0.222332,0.0149522,0.762716
0,31.2,0.222321,0.0148138,0.762865
0,31.3,0.222311,0.0146766,0.763012
0,31.4,0.222301,0.0145408,0.763158
0,31.5,0.222291,0.0144061,0.763303
0,31.6,0.222281,0.0142727,0.763446
0,31.7,0.222271,0.0141406,0.763589
0,31.8,0.222261,0.0140096,0.763729
0,31.9,0.222251,0.0138799,0.763869
0,32,0.222242,0.0137514,0.764007
0,32.1,0.222232,0.013624,0.764144
0,32.2,0.222223,0.0134979,0.764279
0,32.3,0.222213,0.0133729,0.764414
0,32.4,0.222204,0.013249,0.764547
0,32.5,0.222195,0.0131263,0.764679
0,32.6,0.222186,0.0130047,0.764809
0,32.7,0.222177,0.0128843,0.764939
0,32.8,0.222168,0.0127649,0.765067
0,32.9,0.222159,0.0126467,0.765194
0,33,0.22215,0.0125296,0.76532
0,33.1,0.222142,0.0124135,0.765445
0,33.2,0.222133,0.0122985,0.765568
0,33.3,0.222125,0.0121846,0.765691
0,33.4,0.222116,0.0120717,0.765812
0,33.5,0.222108,0.0119599,0.765932
0,33.6,0.2221,0.0118491,0.766051
0,33.7,0.222092,0.0117394,0.766169
0,33.8,0.222083,0.0116306,0.766286
0,33.9,0.222075,0.0115229,0.766402
0,34,0.222067,0.0114162,0.766516
0,34.1,0.22206,0.0113104,0.76663
0,34.2,0.222052,0.0112057,0.766743
0,34.3,0.222044,0.0111019,0.766854
0,34.4,0.222036,0.010999,0.766965
0,34.5,0.222029,0.0108971,0.767074
0,34.6,0.222021,0.0107962,0.767183
0,34.7,0.222014,0.0106962,0.76729
0,34.8,0.222006,0.0105971,0.767397
0,34.9,0.221999,0.010499,0.767502
0,35,0.221992,0.0104018,0.767607
0,35.1,0.221985,0.0103054,0.76771
0,35.2,0.221977,0.01021,0.767813
0,35.3,0.22197,0.0101154,0.767914
0,35.4,0.221963,0.0100217,0.768015
0,35.5,0.221956,0.00992892,0.768115
0,35.6,0.22195,0.00983697,0.768214
0,35.7,0.221943,0.00974587,0.768311
0,35.8,0.221936,0.00965563,0.768408
0,35.9,0.221929,0.00956622,0.768505
0,36,0.221923,0.00947764,0.7686
0,36.1,0.221916,0.00938988,0.768694
0,36.2,0.221909,0.00930294,0.768788
0,36.3,0.221903,0.00921681,0.76888
0,36.4,0.221897,0.00913148,0.768972
0,36.5,0.22189,0.00904694,0.769063
0,36.6,0.221884,0.00896319,0.769153
0,36.7,0.221878,0.00888022,0.769242
0,36.8,0.221872,0.00879802,0.76933
0,36.9,0.221865,0.00871658,0.769418
0,37,0.221859,0.0086359,0.769505
0,37.1,0.221853,0.00855597,0.769591
0,37.2,0.221847,0.00847679,0.769676
0,37.3,0.221841,0.00839834,0.76976
0,37.4,0.221835,0.00832063,0.769844
0,37.5,0.22183,0.00824363,0.769927
0,37.6,0.221824,0.00816735,0.770009
0,37.7,0.221818,0.00809179,0.77009
0,37.8,0.221812,0.00801692,0.770171
0,37.9,0.221807,0.00794276,0.77025
0,38,0.221801,0.00786928,0.770329
0,38.1,0.221796,0.00779649,0.770408
0,38.2,0.22179,0.00772438,0.770485
0,38.3,0.221785,0.00765294,0.770562
0,38.4,0.221779,0.00758216,0.770638
0,38.5,0.221774,0.00751204,0.770714
0,38.6,0.221769,0.00744258,0.770789
0,38.7,0.221763,0.00737377,0.770863
0,38.8,0.221758,0.00730559,0.770936
0,38.9,0.221753,0.00723805,0.771009
0,39,0.221748,0.00717114,0.771081
0,39.1,0.221743,0.00710486,0.771152
0,39.2,0.221738,0.00703919,0.771223
0,39.3,0.221733,0.00697413,0.771293
0,39.4,0.221728,0.00690968,0.771363
0,39.5,0.221723,0.00684583,0.771431
0,39.6,0.221718,0.00678258,0.771499
0,39.7,0.221713,0.00671992,0.771567
0,39.8,0.221708,0.00665784,0.771634
0,39.9,0.221704,0.00659634,0.7717
0,40,0.221699,0.00653541,0.771766
0,40.1,0.221694,0.00647505,0.771831
0,40.2,0.221689,0.00641526,0.771895
0,40.3,0.221685,0.00635602,0.771959
0,40.4,0.22168,0.00629733,0.772022
0,40.5,0.221676,0.0062392,0.772085
0,40.6,0.221671,0.0061816,0.772147
0,40.7,0.221667,0.00612454,0.772209
0,40.8,0.221662,0.00606802,0.77227
0,40.9,0.221658,0.00601202,0.77233
0,41,0.221654,0.00595654,0.77239
0,41.1,0.221649,0.00590158,0.772449
0,41.2,0.221645,0.00584714,0.772508
0,41.3,0.221641,0.0057932,0.772566
0,41.4,0.221636,0.00573977,0.772624
0,41.5,0.221632,0.00568683,0.772681
0,41.6,0.221628,0.00563439,0.772738
0,41.7,0.221624,0.00558244,0.772794
0,41.8,0.22162,0.00553097,0.772849
0,41.9,0.221616,0.00547999,0.772904
0,42,0.221612,0.00542948,0.772959
0,42.1,0.221608,0.00537944,0.773013
0,42.2,0.221604,0.00532987,0.773066
0,42.3,0.2216,0.00528076,0.773119
0,42.4,0.221596,0.00523211,0.773172
0,42.5,0.221592,0.00518391,0.773224
0,42.6,0.221588,0.00513617,0.773276
0,42.7,0.221584,0.00508887,0.773327
0,42.8,0.221581,0.00504201,0.773377
0,42.9,0.221577,0.00499558,0.773428
0,43,0.221573,0.0049496,0.773477
0,43.1,0.221569,0.00490404,0.773527
0,43.2,0.221566,0.0048589,0.773575
0,43.3,0.221562,0.00481419,0.773624
0,43.4,0.221558,0.0047699,0.773672
0,43.5,0.221555,0.00472602,0.773719
0,43.6,0.221551,0.00468255,0.773766
0,43.7,0.221548,0.00463948,0.773813
0,43.8,0.221544,0.00459682,0.773859
0,43.9,0.221541,0.00455455,0.773905
0,44,0.221537,0.00451268,0.77395
0,44.1,0.221534,0.0044712,0.773995
0,44.2,0.22153,0.00443011,0.77404
0,44.3,0.221527,0.0043894,0.774084
0,44.4,0.221524,0.00434907,0.774127
0,44.5,0.22152,0.00430912,0.774171
0,44.6,0.221517,0.00426954,0.774214
0,44.7,0.221514,0.00423034,0.774256
0,44.8,0.22151,0.00419149,0.774298
0,44.9,0.221507,0.00415301,0.77434
0,45,0.221504,0.00411489,0.774381
0,45.1,0.221501,0.00407713,0.774422
0,45.2,0.221498,0.00403971,0.774463
0,45.3,0.221494,0.00400265,0.774503
0,45.4,0.221491,0.00396593,0.774543
0,45.5,0.221488,0.00392956,0.774582
0,45.6,0.221485,0.00389352,0.774621
0,45.7,0.221482,0.00385783,0.77466
0,45.8,0.221479,0.00382246,0.774699
0,45.9,0.221476,0.00378743,0.774737
0,46,0.221473,0.00375272,0.774774
0,46.1,0.22147,0.00371833,0.774812
0,46.2,0.221467,0.00368427,0.774849
0,46.3,0.221464,0.00365053,0.774885
0,46.4,0.221461,0.0036171,0.774922
0,46.5,0.221458,0.00358398,0.774958
0,46.6,0.221455,0.00355117,0.774993
0,46.7,0.221453,0.00351867,0.775029
0,46.8,0.22145,0.00348647,0.775064
0,46.9,0.221447,0.00345457,0.775098
0,47,0.221444,0.00342297,0.775133
0,47.1,0.221441,0.00339166,0.775167
0,47.2,0.221439,0.00336065,0.775201
0,47.3,0.221436,0.00332992,0.775234
0,47.4,0.221433,0.00329948,0.775267
0,47.5,0.221431,0.00326933,0.7753
0,47.6,0.221428,0.00323946,0.775333
0,47.7,0.221425,0.00320986,0.775365
0,47.8,0.221423,0.00318055,0.775397
0,47.9,0.22142,0.0031515,0.775429
0,48,0.221417,0.00312273,0.77546
0,48.1,0.221415,0.00309423,0.775491
0,48.2,0.221412,0.00306599,0.775522
0,48.3,0.22141,0.00303801,0.775552
0,48.4,0.221407,0.0030103,0.775583
0,48.5,0.221405,0.00298284,0.775613
0,48.6,0.221402,0.00295564,0.775642
0,48.7,0.2214,0.00292869,0.775672
0,48.8,0.221397,0.002902,0.775701
0,48.9,0.221395,0.00287555,0.77573
0,49,0.221392,0.00284935,0.775758
0,49.1,0.22139,0.0028234,0.775787
0,49.2,0.221388,0.00279769,0.775815
0,49.3,0.221385,0.00277221,0.775843
0,49.4,0.221383,0.00274698,0.77587
0,49.5,0.22138,0.00272198,0.775898
0,49.6,0.221378,0.00269721,0.775925
0,49.7,0.221376,0.00267267,0.775951
0,49.8,0.221374,0.00264836,0.775978
0,49.9,0.221371,0.00262428,0.776004
0,50,0.221369,0.00260042,0.776031
0,50.1,0.221367,0.00257679,0.776056
0,50.2,0.221365,0.00255337,0.776082
0,50.3,0.221362,0.00253018,0.776108
0,50.4,0.22136,0.0025072,0.776133
0,50.5,0.221358,0.00248443,0.776158
0,50.6,0.221356,0.00246188,0.776182
0,50.7,0.221354,0.00243953,0.776207
0,50.8,0.221351,0.0024174,0.776231
0,50.9,0.221349,0.00239547,0.776255
0,51,0.221347,0.00237374,0.776279
0,51.1,0.221345,0.00235222,0.776303
0,51.2,0.221343,0.00233089,0.776326
0,51.3,0.221341,0.00230977,0.776349
0,51.4,0.221339,0.00228884,0.776372
0,51.5,0.221337,0.00226811,0.776395
0,51.6,0.221335,0.00224757,0.776418
0,51.7,0.221333,0.00222722,0.77644
0,51.8,0.221331,0.00220706,0.776462
0,51.9,0.221329,0.00218709,0.776484
0,52,0.221327,0.0021673,0.776506
0,52.1,0.221325,0.0021477,0.776528
0,52.2,0.221323,0.00212828,0.776549
0,52.3,0.221321,0.00210904,0.77657
0,52.4,0.221319,0.00208998,0.776591
0,52.5,0.221317,0.0020711,0.776612
0,52.6,0.221315,0.00205239,0.776633
0,52.7,0.221313,0.00203386,0.776653
0,52.8,0.221311,0.0020155,0.776673
0,52.9,0.221309,0.00199731,0.776693
0,53,0.221308,0.00197929,0.776713
0,53.1,0.221306,0.00196143,0.776733
0,53.2,0.221304,0.00194375,0.776752
0,53.3,0.221302,0.00192622,0.776772
0,53.4,0.2213,0.00190886,0.776791
0,53.5,0.221298,0.00189166,0.77681
0,53.6,0.221297,0.00187462,0.776829
0,53.7,0.221295,0.00185774,0.776847
0,53.8,0.221293,0.00184102,0.776866
0,53.9,0.221291,0.00182445,0.776884
0,54,0.22129,0.00180803,0.776902
0,54.1,0.221288,0.00179177,0.77692
0,54.2,0.221286,0.00177566,0.776938
0,54.3,0.221284,0.0017597,0.776956
0,54.4,0.221283,0.00174388,0.776973
0,54.5,0.221281,0.00172822,0.776991
0,54.6,0.221279,0.0017127,0.777008
0,54.7,0.221278,0.00169732,0.777025
0,54.8,0.221276,0.00168208,0.777042
0,54.9,0.221274,0.00166699,0.777059
0,55,0.221273,0.00165204,0.777075
0,55.1,0.221271,0.00163722,0.777092
0,55.2,0.221269,0.00162254,0.777108
0,55.3,0.221268,0.001608,0.777124
0,55.4,0.221266,0.0015936,0.77714
0,55.5,0.221265,0.00157932,0.777156
0,55.6,0.221263,0.00156518,0.777172
0,55.7,0.221261,0.00155117,0.777187
0,55.8,0.22126,0.00153729,0.777203
0,55.9,0.221258,0.00152354,0.777218
0,56,0.221257,0.00150992,0.777233
0,56.1,0.221255,0.00149642,0.777248
0,56.2,0.221254,0.00148305,0.777263
0,56.3,0.221252,0.0014698,0.777278
0,56.4,0.221251,0.00145667,0.777293
0,56.5,0.221249,0.00144367,0.777307
0,56.6,0.221248,0.00143079,0.777321
0,56.7,0.221246,0.00141802,0.777336
0,56.8,0.221245,0.00140537,0.77735
0,56.9,0.221243,0.00139284,0.777364
0,57,0.221242,0.00138043,0.777378
0,57.1,0.22124,0.00136813,0.777391
0,57.2,0.221239,0.00135595,0.777405
0,57.3,0.221238,0.00134388,0.777419
0,57.4,0.221236,0.00133191,0.777432
0,57.5,0.221235,0.00132006,0.777445
0,57.6,0.221233,0.00130832,0.777458
0,57.7,0.221232,0.00129669,0.777471
0,57.8,0.221231,0.00128517,0.777484
0,57.9,0.221229,0.00127375,0.777497
0,58,0.221228,0.00126244,0.77751
0,58.1,0.221226,0.00125123,0.777522
0,58.2,0.221225,0.00124012,0.777535
0,58.3,0.221224,0.00122912,0.777547
0,58.4,0.221222,0.00121822,0.777559
0,58.5,0.221221,0.00120742,0.777571
0,58.6,0.22122,0.00119672,0.777584
0,58.7,0.221218,0.00118612,0.777595
0,58.8,0.221217,0.00117562,0.777607
0,58.9,0.221216,0.00116521,0.777619
0,59,0.221215,0.0011549,0.777631
0,59.1,0.221213,0.00114469,0.777642
0,59.2,0.221212,0.00113457,0.777653
0,59.3,0.221211,0.00112454,0.777665
0,59.4,0.221209,0.0011146,0.777676
0,59.5,0.221208,0.00110476,0.777687
0,59.6,0.221207,0.00109501,0.777698
0,59.7,0.221206,0.00108534,0.777709
0,59.8,0.221205,0.00107577,0.77772
0,59.9,0.221203,0.00106628,0.77773
0,60,0.221202,0.00105688,0.777741
0,60.1,0.221201,0.00104757,0.777752
0,60.2,0.2212,0.00103835,0.777762
0,60.3,0.221198,0.00102921,0.777772
0,60.4,0.221197,0.00102015,0.777783
0,60.5,0.221196,0.00101117,0.777793
0,60.6,0.221195,0.00100228,0.777803
0,60.7,0.221194,0.000993474,0.777813
0,60.8,0.221193,0.000984746,0.777823
0,60.9,0.221191,0.000976097,0.777832
0,61,0.22119,0.000967529,0.777842
0,61.1,0.221189,0.000959039,0.777852
0,61.2,0.221188,0.000950627,0.777861
0,61.3,0.221187,0.000942293,0.777871
0,61.4,0.221186,0.000934035,0.77788
0,61.5,0.221185,0.000925853,0.77789
0,61.6,0.221184,0.000917746,0.777899
0,61.7,0.221182,0.000909714,0.777908
0,61.8,0.221181,0.000901755,0.777917
0,61.9,0.22118,0.000893869,0.777926
0,62,0.221179,0.000886056,0.777935
0,62.1,0.221178,0.000878314,0.777944
0,62.2,0.221177,0.000870644,0.777952
0,62.3,0.221176,0.000863044,0.777961
0,62.4,0.221175,0.000855513,0.77797
0,62.5,0.221174,0.000848052,0.777978
0,62.6,0.221173,0.000840659,0.777987
0,62.7,0.221172,0.000833334,0.777995
0,62.8,0.221171,0.000826075,0.778003
0,62.9,0.22117,0.000818884,0.778011
0,63,0.221169,0.000811758,0.77802
0,63.1,0.221168,0.000804697,0.778028
0,63.2,0.221167,0.000797701,0.778036
0,63.3,0.221166,0.00079077,0.778044
0,63.4,0.221165,0.000783901,0.778052
0,63.5,0.221164,0.000777096,0.778059
0,63.6,0.221163,0.000770352,0.778067
0,63.7,0.221162,0.000763671,0.778075
0,63.8,0.221161,0.00075705,0.778082
0,63.9,0.22116,0.00075049,0.77809
0,64,0.221159,0.00074399,0.778097
0,64.1,0.221158,0.00073755,0.778105
0,64.2,0.221157,0.000731168,0.778112
0,64.3,0.221156,0.000724844,0.778119
0,64.4,0.221155,0.000718578,0.778127
0,64.5,0.221154,0.00071237,0.778134
0,64.6,0.221153,0.000706218,0.778141
0,64.7,0.221152,0.000700122,0.778148
0,64.8,0.221151,0.000694082,0.778155
0,64.9,0.22115,0.000688097,0.778162
0,65,0.221149,0.000682167,0.778169
0,65.1,0.221148,0.000676291,0.778175
0,65.2,0.221147,0.000670468,0.778182
0,65.3,0.221146,0.000664698,0.778189
0,65.4,0.221146,0.000658981,0.778195
0,65.5,0.221145,0.000653316,0.778202
0,65.6,0.221144,0.000647702,0.778209
0,65.7,0.221143,0.00064214,0.778215
0,65.8,0.221142,0.000636628,0.778221
0,65.9,0.221141,0.000631167,0.778228
0,66,0.22114,0.000625755,0.778234
0,66.1,0.221139,0.000620392,0.77824
0,66.2,0.221139,0.000615079,0.778246
0,66.3,0.221138,0.000609813,0.778253
0,66.4,0.221137,0.000604595,0.778259
0,66.5,0.221136,0.000599425,0.778265
0,66.6,0.221135,0.000594302,0.778271
0,66.7,0.221134,0.000589225,0.778277
0,66.8,0.221133,0.000584194,0.778282
0,66.9,0.221133,0.00057921,0.778288
0,67,0.221132,0.00057427,0.778294
0,67.1,0.221131,0.000569375,0.7783
0,67.2,0.22113,0.000564524,0.778305
0,67.3,0.221129,0.000559718,0.778311
0,67.4,0.221128,0.000554955,0.778317
0,67.5,0.221128,0.000550235,0.778322
0,67.6,0.221127,0.000545558,0.778328
0,67.7,0.221126,0.000540924,0.778333
0,67.8,0.221125,0.000536331,0.778338
0,67.9,0.221125,0.00053178,0.778344
0,68,0.221124,0.00052727,0.778349
0,68.1,0.221123,0.000522801,0.778354
0,68.2,0.221122,0.000518373,0.778359
0,68.3,0.221121,0.000513984,0.778365
0,68.4,0.221121,0.000509635,0.77837
0,68.5,0.22112,0.000505326,0.778375
0,68.6,0.221119,0.000501055,0.77838
0,68.7,0.221118,0.000496823,0.778385
0,68.8,0.221118,0.00049263,0.77839
0,68.9,0.221117,0.000488474,0.778395
0,69,0.221116,0.000484356,0.7784
0,69.1,0.221115,0.000480274,0.778404
0,69.2,0.221115,0.00047623,0.778409
0,69.3,0.221114,0.000472222,0.778414
0,69.4,0.221113,0.00046825,0.778419
0,69.5,0.221112,0.000464314,0.778423
0,69.6,0.221112,0.000460414,0.778428
0,69.7,0.221111,0.000456549,0.778432
0,69.8,0.22111,0.000452718,0.778437
0,69.9,0.22111,0.000448922,0.778442
0,70,0.221109,0.00044516,0.778446
0,70.1,0.221108,0.000441433,0.77845
0,70.2,0.221107,0.000437738,0.778455
0,70.3,0.221107,0.000434077,0.778459
0,70.4,0.221106,0.000430449,0.778464
0,70.5,0.221105,0.000426853,0.778468
0,70.6,0.221105,0.00042329,0.778472
0,70.7,0.221104,0.000419758,0.778476
0,70.8,0.221103,0.000416259,0.77848
0,70.9,0.221103,0.000412791,0.778485
0,71,0.221102,0.000409353,0.778489
0,71.1,0.221101,0.000405947,0.778493
0,71.2,0.221101,0.000402572,0.778497
0,71.3,0.2211,0.000399226,0.778501
0,71.4,0.221099,0.000395911,0.778505
0,71.5,0.221099,0.000392625,0.778509
0,71.6,0.221098,0.000389369,0.778513
0,71.7,0.221097,0.000386142,0.778517
0,71.8,0.221097,0.000382943,0.77852
0,71.9,0.221096,0.000379774,0.778524
0,72,0.221095,0.000376632,0.778528
0,72.1,0.221095,0.000373519,0.778532
0,72.2,0.221094,0.000370434,0.778535
0,72.3,0.221093,0.000367376,0.778539
0,72.4,0.221093,0.000364346,0.778543
0,72.5,0.221092,0.000361342,0.778546
0,72.6,0.221092,0.000358366,0.77855
0,72.7,0.221091,0.000355416,0.778554
0,72.8,0.22109,0.000352492,0.778557
0,72.9,0.22109,0.000349595,0.778561
0,73,0.221089,0.000346723,0.778564
0,73.1,0.221089,0.000343877,0.778568
0,73.2,0.221088,0.000341056,0.778571
0,73.3,0.221087,0.00033826,0.778574
0,73.4,0.221087,0.00033549,0.778578
0,73.5,0.221086,0.000332743,0.778581
0,73.6,0.221086,0.000330022,0.778584
0,73.7,0.221085,0.000327324,0.778588
0,73.8,0.221084,0.000324651,0.778591
0,73.9,0.221084,0.000322001,0.778594
0,74,0.221083,0.000319375,0.778597
0,74.1,0.221083,0.000316772,0.778601
0,74.2,0.221082,0.000314192,0.778604
0,74.3,0.221081,0.000311636,0.778607
0,74.4,0.221081,0.000309101,0.77861
0,74.5,0.22108,0.00030659,0.778613
0,74.6,0.22108,0.0003041,0.778616
0,74.7,0.221079,0.000301633,0.778619
0,74.8,0.221079,0.000299188,0.778622
0,74.9,0.221078,0.000296764,0.778625
0,75,0.221078,0.000294361,0.778628
0,75.1,0.221077,0.00029198,0.778631
0,75.2,0.221076,0.00028962,0.778634
0,75.3,0.221076,0.000287281,0.778637
0,75.4,0.221075,0.000284963,0.77864
0,75.5,0.221075,0.000282665,0.778642
0,75.6,0.221074,0.000280387,0.778645
0,75.7,0.221074,0.000278129,0.778648
0,75.8,0.221073,0.000275892,0.778651
0,75.9,0.221073,0.000273674,0.778654
0,76,0.221072,0.000271475,0.778656
0,76.1,0.221072,0.000269296,0.778659
0,76.2,0.221071,0.000267136,0.778662
0,76.3,0.221071,0.000264996,0.778664
0,76.4,0.22107,0.000262874,0.778667
0,76.5,0.22107,0.000260771,0.77867
0,76.6,0.221069,0.000258686,0.778672
0,76.7,0.221069,0.000256619,0.778675
0,76.8,0.221068,0.000254571,0.778677
0,76.9,0.221068,0.000252541,0.77868
0,77,0.221067,0.000250528,0.778682
0,77.1,0.221067,0.000248534,0.778685
0,77.2,0.221066,0.000246556,0.778687
0,77.3,0.221066,0.000244597,0.77869
0,77.4,0.221065,0.000242654,0.778692
0,77.5,0.221065,0.000240728,0.778695
0,77.6,0.221064,0.000238819,0.778697
0,77.7,0.221064,0.000236927,0.778699
0,77.8,0.221063,0.000235052,0.778702
0,77.9,0.221063,0.000233193,0.778704
0,78,0.221062,0.00023135,0.778707
0,78.1,0.221062,0.000229523,0.778709
0,78.2,0.221061,0.000227712,0.778711
0,78.3,0.221061,0.000225917,0.778713
0,78.4,0.22106,0.000224138,0.778716
0,78.5,0.22106,0.000222374,0.778718
0,78.6,0.221059,0.000220626,0.77872
0,78.7,0.221059,0.000218893,0.778722
0,78.8,0.221058,0.000217175,0.778724
0,78.9,0.221058,0.000215472,0.778727
0,79,0.221057,0.000213783,0.778729
0,79.1,0.221057,0.00021211,0.778731
0,79.2,0.221057,0.000210451,0.778733
0,79.3,0.221056,0.000208806,0.778735
0,79.4,0.221056,0.000207176,0.778737
0,79.5,0.221055,0.00020556,0.778739
0,79.6,0.221055,0.000203958,0.778741
0,79.7,0.221054,0.00020237,0.778743
0,79.8,0.221054,0.000200795,0.778745
0,79.9,0.221053,0.000199235,0.778747
0,80,0.221053,0.000197687,0.778749
0,80.1,0.221053,0.000196154,0.778751
0,80.2,0.221052,0.000194633,0.778753
0,80.3,0.221052,0.000193126,0.778755
0,80.4,0.221051,0.000191631,0.778757
0,80.5,0.221051,0.00019015,0.778759
0,80.6,0.22105,0.000188681,0.778761
0,80.7,0.22105,0.000187225,0.778763
0,80.8,0.22105,0.000185782,0.778765
0,80.9,0.221049,0.000184351,0.778767
0,81,0.221049,0.000182933,0.778768
0,81.1,0.221048,0.000181526,0.77877
0,81.2,0.221048,0.000180132,0.778772
0,81.3,0.221047,0.00017875,0.778774
0,81.4,0.221047,0.00017738,0.778776
0,81.5,0.221047,0.000176021,0.778777
0,81.6,0.221046,0.000174674,0.778779
0,81.7,0.221046,0.000173339,0.778781
0,81.8,0.221045,0.000172015,0.778783
0,81.9,0.221045,0.000170703,0.778784
0,82,0.221045,0.000169402,0.778786
0,82.1,0.221044,0.000168112,0.778788
0,82.2,0.221044,0.000166833,0.778789
0,82.3,0.221043,0.000165565,0.778791
0,82.4,0.221043,0.000164308,0.778793
0,82.5,0.221043,0.000163062,0.778794
0,82.6,0.221042,0.000161826,0.778796
0,82.7,0.221042,0.000160601,0.778797
0,82.8,0.221042,0.000159386,0.778799
0,82.9,0.221041,0.000158182,0.778801
0,83,0.221041,0.000156988,0.778802
0,83.1,0.22104,0.000155804,0.778804
0,83.2,0.22104,0.000154631,0.778805
0,83.3,0.22104,0.000153467,0.778807
0,83.4,0.221039,0.000152313,0.778808
0,83.5,0.221039,0.000151169,0.77881
0,83.6,0.221039,0.000150035,0.778811
0,83.7,0.221038,0.00014891,0.778813
0,83.8,0.221038,0.000147795,0.778814
0,83.9,0.221037,0.00014669,0.778816
0,84,0.221037,0.000145594,0.778817
0,84.1,0.221037,0.000144507,0.778819
0,84.2,0.221036,0.000143429,0.77882
0,84.3,0.221036,0.000142361,0.778822
0,84.4,0.221036,0.000141301,0.778823
0,84.5,0.221035,0.000140251,0.778825
0,84.6,0.221035,0.000139209,0.778826
0,84.7,0.221035,0.000138176,0.778827
0,84.8,0.221034,0.000137152,0.778829
0,84.9,0.221034,0.000136137,0.77883
0,85,0.221033,0.00013513,0.778831
0,85.1,0.221033,0.000134132,0.778833
0,85.2,0.221033,0.000133142,0.778834
0,85.3,0.221032,0.00013216,0.778835
0,85.4,0.221032,0.000131187,0.778837
0,85.5,0.221032,0.000130222,0.778838
0,85.6,0.221031,0.000129265,0.778839
0,85.7,0.221031,0.000128316,0.778841
0,85.8,0.221031,0.000127375,0.778842
0,85.9,0.22103,0.000126442,0.778843
0,86,0.22103,0.000125516,0.778844
0,86.1,0.22103,0.000124599,0.778846
0,86.2,0.221029,0.000123689,0.778847
0,86.3,0.221029,0.000122787,0.778848
0,86.4,0.221029,0.000121892,0.778849
0,86.5,0.221028,0.000121005,0.778851
0,86.6,0.221028,0.000120125,0.778852
0,86.7,0.221028,0.000119253,0.778853
0,86.8,0.221027,0.000118388,0.778854
0,86.9,0.221027,0.00011753,0.778855
0,87,0.221027,0.000116679,0.778857
0,87.1,0.221026,0.000115836,0.778858
0,87.2,0.221026,0.000114999,0.778859
0,87.3,0.221026,0.000114169,0.77886
0,87.4,0.221026,0.000113347,0.778861
0,87.5,0.221025,0.000112531,0.778862
0,87.6,0.221025,0.000111722,0.778863
0,87.7,0.221025,0.000110919,0.778864
0,87.8,0.221024,0.000110124,0.778866
0,87.9,0.221024,0.000109334,0.778867
0,88,0.221024,0.000108552,0.778868
0,88.1,0.221023,0.000107776,0.778869
0,88.2,0.221023,0.000107006,0.77887
0,88.3,0.221023,0.000106243,0.778871
0,88.4,0.221022,0.000105486,0.778872
0,88.5,0.221022,0.000104735,0.778873
0,88.6,0.221022,0.00010399,0.778874
0,88.7,0.221022,0.000103252,0.778875
0,88.8,0.221021,0.000102519,0.778876
0,88.9,0.221021,0.000101793,0.778877
0,89,0.221021,0.000101073,0.778878
0,89.1,0.22102,0.000100358,0.778879
0,89.2,0.22102,9.96498e-05,0.77888
0,89.3,0.22102,9.8947e-05,0.778881
0,89.4,0.221019,9.82501e-05,0.778882
0,89.5,0.221019,9.75588e-05,0.778883
0,89.6,0.221019,9.68732e-05,0.778884
0,89.7,0.221019,9.61933e-05,0.778885
0,89.8,0.221018,9.55189e-05,0.778886
0,89.9,0.221018,9.485e-05,0.778887
0,90,0.221018,9.41866e-05,0.778888
0,90.1,0.221018,9.35286e-05,0.778889
0,90.2,0.221017,9.28759e-05,0.77889
0,90.3,0.221017,9.22286e-05,0.778891
0,90.4,0.221017,9.15866e-05,0.778892
0,90.5,0.221016,9.09498e-05,0.778893
0,90.6,0.221016,9.03181e-05,0.778894
0,90.7,0.221016,8.96917e-05,0.778894
0,90.8,0.221016,8.90703e-05,0.778895
0,90.9,0.221015,8.84539e-05,0.778896
0,91,0.221015,8.78426e-05,0.778897
0,91.1,0.221015,8.72362e-05,0.778898
0,91.2,0.221014,8.66347e-05,0.778899
0,91.3,0.221014,8.60381e-05,0.7789
0,91.4,0.221014,8.54463e-05,0.778901
0,91.5,0.221014,8.48593e-05,0.778901
0,91.6,0.221013,8.4277e-05,0.778902
0,91.7,0.221013,8.36995e-05,0.778903
0,91.8,0.221013,8.31265e-05,0.778904
0,91.9,0.221013,8.25583e-05,0.778905
0,92,0.221012,8.19946e-05,0.778906
0,92.1,0.221012,8.14354e-05,0.778906
0,92.2,0.221012,8.08807e-05,0.778907
0,92.3,0.221012,8.03305e-05,0.778908
0,92.4,0.221011,7.97847e-05,0.778909
0,92.5,0.221011,7.92433e-05,0.77891
0,92.6,0.221011,7.87062e-05,0.77891
0,92.7,0.221011,7.81734e-05,0.778911
0,92.8,0.22101,7.76449e-05,0.778912
0,92.9,0.22101,7.71206e-05,0.778913
0,93,0.22101,7.66005e-05,0.778914
0,93.1,0.22101,7.60845e-05,0.778914
0,93.2,0.221009,7.55727e-05,0.778915
0,93.3,0.221009,7.50649e-05,0.778916
0,93.4,0.221009,7.45612e-05,0.778917
0,93.5,0.221009,7.40615e-05,0.778917
0,93.6,0.221008,7.35658e-05,0.778918
0,93.7,0.221008,7.3074e-05,0.778919
0,93.8,0.221008,7.25861e-05,0.77892
0,93.9,0.221008,7.21021e-05,0.77892
0,94,0.221007,7.16219e-05,0.778921
0,94.1,0.221007,7.11455e-05,0.778922
0,94.2,0.221007,7.06729e-05,0.778922
0,94.3,0.221007,7.02041e-05,0.778923
0,94.4,0.221006,6.97389e-05,0.778924
0,94.5,0.221006,6.92774e-05,0.778924
0,94.6,0.221006,6.88195e-05,0.778925
0,94.7,0.221006,6.83653e-05,0.778926
0,94.8,0.221006,6.79146e-05,0.778927
0,94.9,0.221005,6.74675e-05,0.778927
0,95,0.221005,6.70239e-05,0.778928
0,95.1,0.221005,6.65838e-05,0.778929
0,95.2,0.221005,6.61471e-05,0.778929
0,95.3,0.221004,6.57138e-05,0.77893
0,95.4,0.221004,6.5284e-05,0.778931
0,95.5,0.221004,6.48575e-05,0.778931
0,95.6,0.221004,6.44343e-05,0.778932
0,95.7,0.221004,6.40145e-05,0.778932
0,95.8,0.221003,6.35979e-05,0.778933
0,95.9,0.221003,6.31846e-05,0.778934
0,96,0.221003,6.27745e-05,0.778934
0,96.1,0.221003,6.23676e-05,0.778935
0,96.2,0.221002,6.19638e-05,0.778936
0,96.3,0.221002,6.15632e-05,0.778936
0,96.4,0.221002,6.11657e-05,0.778937
0,96.5,0.221002,6.07713e-05,0.778937
0,96.6,0.221002,6.03799e-05,0.778938
0,96.7,0.221001,5.99916e-05,0.778939
0,96.8,0.221001,5.96063e-05,0.778939
0,96.9,0.221001,5.92239e-05,0.77894
0,97,0.221001,5.88445e-05,0.77894
0,97.1,0.221001,5.84681e-05,0.778941
0,97.2,0.221,5.80945e-05,0.778942
0,97.3,0.221,5.77238e-05,0.778942
0,97.4,0.221,5.7356e-05,0.778943
0,97.5,0.221,5.6991e-05,0.778943
0,97.6,0.220999,5.66288e-05,0.778944
0,97.7,0.220999,5.62694e-05,0.778944
0,97.8,0.220999,5.59127e-05,0.778945
0,97.9,0.220999,5.55588e-05,0.778946
0,98,0.220999,5.52075e-05,0.778946
0,98.1,0.220998,5.4859e-05,0.778947
0,98.2,0.220998,5.45131e-05,0.778947
0,98.3,0.220998,5.41699e-05,0.778948
0,98.4,0.220998,5.38292e-05,0.778948
0,98.5,0.220998,5.34912e-05,0.778949
0,98.6,0.220997,5.31558e-05,0.778949
0,98.7,0.220997,5.28228e-05,0.77895
0,98.8,0.220997,5.24925e-05,0.77895
0,98.9,0.220997,5.21646e-05,0.778951
0,99,0.220997,5.18392e-05,0.778951
0,99.1,0.220996,5.15163e-05,0.778952
0,99.2,0.220996,5.11958e-05,0.778953
0,99.3,0.220996,5.08777e-05,0.778953
0,99.4,0.220996,5.05621e-05,0.778954
0,99.5,0.220996,5.02488e-05,0.778954
0,99.6,0.220996,4.99379e-05,0.778955
0,99.7,0.220995,4.96293e-05,0.778955
0,99.8,0.220995,4.93231e-05,0.778956
0,99.9,0.220995,4.90191e-05,0.778956
