Process,Time,S,I,R
0,0,0.426981,0.277364,0.295655
0,0.1,0.426888,0.274697,0.298415
0,0.2,0.426798,0.272053,0.301149
0,0.3,0.426711,0.269432,0.303856
0,0.4,0.426627,0.266836,0.306538
0,0.5,0.426545,0.264262,0.309193
0,0.6,0.426466,0.261711,0.311823
0,0.7,0.426389,0.259184,0.314427
0,0.8,0.426314,0.25668,0.317007
0,0.9,0.426241,0.254198,0.319561
0,1,0.426171,0.251739,0.322091
0,1.1,0.426102,0.249302,0.324596
0,1.2,0.426036,0.246887,0.327077
0,1.3,0.425971,0.244495,0.329534
0,1.4,0.425909,0.242125,0.331967
0,1.5,0.425848,0.239776,0.334376
0,1.6,0.425788,0.237449,0.336762
0,1.7,0.425731,0.235144,0.339125
0,1.8,0.425675,0.23286,0.341465
0,1.9,0.42562,0.230597,0.343783
0,2,0.425567,0.228356,0.346077
0,2.1,0.425515,0.226135,0.34835
0,2.2,0.425465,0.223935,0.3506
0,2.3,0.425416,0.221755,0.352828
0,2.4,0.425369,0.219596,0.355035
0,2.5,0.425322,0.217457,0.35722
0,2.6,0.425277,0.215339,0.359384
0,2.7,0.425233,0.21324,0.361527
0,2.8,0.42519,0.211161,0.363649
0,2.9,0.425148,0.209101,0.365751
0,3,0.425107,0.207061,0.367831
0,3.1,0.425067,0.205041,0.369892
0,3.2,0.425029,0.203039,0.371932
0,3.3,0.424991,0.201057,0.373953
0,3.4,0.424954,0.199093,0.375953
0,3.5,0.424918,0.197148,0.377935
0,3.6,0.424882,0.195221,0.379896
0,3.7,0.424848,0.193313,0.381839
0,3.8,0.424815,0.191423,0.383763
0,3.9,0.424782,0.189551,0.385668
0,4,0.42475,0.187696,0.387554
0,4.1,0.424719,0.18586,0.389422
0,4.2,0.424688,0.184041,0.391271
0,4.3,0.424658,0.182239,0.393103
0,4.4,0.424629,0.180455,0.394916
0,4.5,0.424601,0.178688,0.396712
0,4.6,0.424573,0.176938,0.39849
0,4.7,0.424545,0.175204,0.40025
0,4.8,0.424519,0.173487,0.401994
0,4.9,0.424493,0.171787,0.40372
0,5,0.424467,0.170103,0.40543
0,5.1,0.424442,0.168435,0.407122
0,5.2,0.424418,0.166784,0.408798
0,5.3,0.424394,0.165148,0.410458
0,5.4,0.42437,0.163528,0.412101
0,5.5,0.424348,0.161924,0.413729
0,5.6,0.424325,0.160335,0.41534
0,5.7,0.424303,0.158761,0.416935
0,5.8,0.424282,0.157203,0.418515
0,5.9,0.424261,0.15566,0.42008
0,6,0.42424,0.154132,0.421629
0,6.1,0.42422,0.152618,0.423162
0,6.2,0.4242,0.151119,0.424681
0,6.3,0.42418,0.149635,0.426185
0,6.4,0.424161,0.148165,0.427674
0,6.5,0.424143,0.146709,0.429148
0,6.6,0.424124,0.145268,0.430608
0,6.7,0.424106,0.14384,0.432053
0,6.8,0.424089,0.142427,0.433485
0,6.9,0.424071,0.141027,0.434902
0,7,0.424054,0.13964,0.436305
0,7.1,0.424038,0.138267,0.437695
0,7.2,0.424021,0.136908,0.439071
0,7.3,0.424005,0.135562,0.440433
0,7.4,0.42399,0.134228,0.441782
0,7.5,0.423974,0.132908,0.443118
0,7.6,0.423959,0.131601,0.44444
0,7.7,0.423944,0.130306,0.44575
0,7.8,0.42393,0.129024,0.447046
0,7.9,0.423915,0.127755,0.44833
0,8,0.423901,0.126497,0.449602
0,8.1,0.423887,0.125252,0.45086
0,8.2,0.423874,0.12402,0.452107
0,8.3,0.42386,0.122799,0.453341
0,8.4,0.423847,0.12159,0.454563
0,8.5,0.423834,0.120393,0.455773
0,8.6,0.423822,0.119208,0.456971
0,8.7,0.423809,0.118034,0.458157
0,8.8,0.423797,0.116872,0.459331
0,8.9,0.423785,0.115721,0.460494
0,9,0.423773,0.114581,0.461646
0,9.1,0.423761,0.113453,0.462786
0,9.2,0.42375,0.112335,0.463915
0,9.3,0.423739,0.111229,0.465033
0,9.4,0.423727,0.110133,0.466139
0,9.5,0.423717,0.109048,0.467235
0,9.6,0.423706,0.107974,0.46832
0,9.7,0.423695,0.10691,0.469395
0,9.8,0.423685,0.105856,0.470459
0,9.9,0.423675,0.104813,0.471512
0,10,0.423665,0.10378,0.472555
0,10.1,0.423655,0.102758,0.473588
0,10.2,0.423645,0.101745,0.47461
0,10.3,0.423635,0.100742,0.475623
0,10.4,0.423626,0.0997489,0.476625
0,10.5,0.423617,0.0987657,0.477618
0,10.6,0.423608,0.097792,0.4786
0,10.7,0.423599,0.0968279,0.479573
0,10.8,0.42359,0.0958733,0.480537
0,10.9,0.423581,0.094928,0.481491
0,11,0.423572,0.093992,0.482436
0,11.1,0.423564,0.0930652,0.483371
0,11.2,0.423556,0.0921475,0.484297
0,11.3,0.423547,0.0912388,0.485214
0,11.4,0.423539,0.090339,0.486122
0,11.5,0.423531,0.0894481,0.487021
0,11.6,0.423523,0.0885659,0.487911
0,11.7,0.423516,0.0876923,0.488792
0,11.8,0.423508,0.0868274,0.489665
0,11.9,0.423501,0.0859709,0.490529
0,12,0.423493,0.0851228,0.491384
0,12.1,0.423486,0.0842831,0.492231
0,12.2,0.423479,0.0834516,0.49307
0,12.3,0.423472,0.0826283,0.4939
0,12.4,0.423465,0.0818131,0.494722
0,12.5,0.423458,0.0810059,0.495536
0,12.6,0.423451,0.0802067,0.496342
0,12.7,0.423444,0.0794153,0.497141
0,12.8,0.423438,0.0786317,0.497931
0,12.9,0.423431,0.0778558,0.498713
0,13,0.423425,0.0770875,0.499488
0,13.1,0.423418,0.0763268,0.500255
0,13.2,0.423412,0.0755735,0.501014
0,13.3,0.423406,0.0748277,0.501766
0,13.4,0.4234,0.0740892,0.502511
0,13.5,0.423394,0.073358,0.503248
0,13.6,0.423388,0.0726339,0.503978
0,13.7,0.423382,0.071917,0.504701
0,13.8,0.423376,0.0712072,0.505417
0,13.9,0.423371,0.0705043,0.506125
0,14,0.423365,0.0698083,0.506827
0,14.1,0.423359,0.0691193,0.507521
0,14.2,0.423354,0.0684369,0.508209
0,14.3,0.423349,0.0677613,0.50889
0,14.4,0.423343,0.0670924,0.509564
0,14.5,0.423338,0.06643,0.510232
0,14.6,0.423333,0.0657742,0.510893
0,14.7,0.423328,0.0651248,0.511547
0,14.8,0.423323,0.0644819,0.512195
0,14.9,0.423318,0.0638452,0.512837
0,15,0.423313,0.0632148,0.513472
0,15.1,0.423308,0.0625907,0.514101
0,15.2,0.423303,0.0619727,0.514724
0,15.3,0.423298,0.0613607,0.515341
0,15.4,0.423294,0.0607548,0.515951
0,15.5,0.423289,0.0601549,0.516556
0,15.6,0.423285,0.0595609,0.517155
0,15.7,0.42328,0.0589727,0.517747
0,15.8,0.423276,0.0583904,0.518334
0,15.9,0.423271,0.0578137,0.518915
0,16,0.423267,0.0572428,0.51949
0,16.1,0.423263,0.0566775,0.52006
0,16.2,0.423258,0.0561177,0.520624
0,16.3,0.423254,0.0555635,0.521182
0,16.4,0.42325,0.0550148,0.521735
0,16.5,0.423246,0.0544714,0.522283
0,16.6,0.423242,0.0539334,0.522825
0,16.7,0.423238,0.0534007,0.523361
0,16.8,0.423234,0.0528733,0.523893
0,16.9,0.42323,0.0523511,0.524419
0,17,0.423226,0.051834,0.52494
0,17.1,0.423223,0.051322,0.525456
0,17.2,0.423219,0.050815,0.525966
0,17.3,0.423215,0.0503131,0.526472
0,17.4,0.423211,0.0498161,0.526972
0,17.5,0.423208,0.049324,0.527468
0,17.6,0.423204,0.0488368,0.527959
0,17.7,0.423201,0.0483544,0.528445
0,17.8,0.423197,0.0478767,0.528926
0,17.9,0.423194,0.0474038,0.529402
0,18,0.42319,0.0469355,0.529874
0,18.1,0.423187,0.0464718,0.530341
0,18.2,0.423184,0.0460127,0.530804
0,18.3,0.42318,0.0455582,0.531261
0,18.4,0.423177,0.0451081,0.531715
0,18.5,0.423174,0.0446625,0.532164
0,18.6,0.423171,0.0442212,0.532608
0,18.7,0.423168,0.0437843,0.533048
0,18.8,0.423164,0.0433518,0.533484
0,18.9,0.423161,0.0429235,0.533915
0,19,0.423158,0.0424994,0.534342
0,19.1,0.423155,0.0420795,0.534765
0,19.2,0.423152,0.0416637,0.535184
0,19.3,0.423149,0.0412521,0.535598
0,19.4,0.423147,0.0408445,0.536009
0,19.5,0.423144,0.040441,0.536415
0,19.6,0.423141,0.0400414,0.536818
0,19.7,0.423138,0.0396458,0.537216
0,19.8,0.423135,0.039254,0.537611
0,19.9,0.423133,0.0388662,0.538001
0,20,0.42313,0.0384821,0.538388
0,20.1,0.423127,0.0381019,0.538771
0,20.2,0.423125,0.0377254,0.53915
0,20.3,0.423122,0.0373527,0.539525
0,20.4,0.423119,0.0369836,0.539897
0,20.5,0.423117,0.0366181,0.540265
0,20.6,0.423114,0.0362563,0.540629
0,20.7,0.423112,0.035898,0.54099
0,20.8,0.423109,0.0355433,0.541347
0,20.9,0.423107,0.0351921,0.541701
0,21,0.423104,0.0348443,0.542051
0,21.1,0.423102,0.0345,0.542398
0,21.2,0.4231,0.0341591,0.542741
0,21.3,0.423097,0.0338216,0.543081
0,21.4,0.423095,0.0334873,0.543418
0,21.5,0.423093,0.0331564,0.543751
0,21.6,0.42309,0.0328288,0.544081
0,21.7,0.423088,0.0325044,0.544408
0,21.8,0.423086,0.0321832,0.544731
0,21.9,0.423084,0.0318651,0.545051
0,22,0.423081,0.0315502,0.545368
0,22.1,0.423079,0.0312384,0.545682
0,22.2,0.423077,0.0309297,0.545993
0,22.3,0.423075,0.0306241,0.546301
0,22.4,0.423073,0.0303214,0.546606
0,22.5,0.423071,0.0300218,0.546907
0,22.6,0.423069,0.0297251,0.547206
0,22.7,0.423067,0.0294313,0.547502
0,22.8,0.423065,0.0291405,0.547795
0,22.9,0.423063,0.0288525,0.548085
0,23,0.423061,0.0285674,0.548372
0,23.1,0.423059,0.0282851,0.548656
0,23.2,0.423057,0.0280055,0.548937
0,23.3,0.423055,0.0277288,0.549216
0,23.4,0.423053,0.0274547,0.549492
0,23.5,0.423051,0.0271834,0.549765
0,23.6,0.42305,0.0269147,0.550036
0,23.7,0.423048,0.0266488,0.550304
0,23.8,0.423046,0.0263854,0.550569
0,23.9,0.423044,0.0261246,0.550831
0,24,0.423042,0.0258664,0.551091
0,24.1,0.423041,0.0256108,0.551349
0,24.2,0.423039,0.0253577,0.551603
0,24.3,0.423037,0.0251071,0.551856
0,24.4,0.423035,0.024859,0.552106
0,24.5,0.423034,0.0246133,0.552353
0,24.6,0.423032,0.02437,0.552598
0,24.7,0.423031,0.0241292,0.55284
0,24.8,0.423029,0.0238907,0.55308
0,24.9,0.423027,0.0236546,0.553318
0,25,0.423026,0.0234208,0.553554
0,25.1,0.423024,0.0231893,0.553787
0,25.2,0.423023,0.0229602,0.554017
0,25.3,0.423021,0.0227332,0.554246
0,25.4,0.423019,0.0225086,0.554472
0,25.5,0.423018,0.0222861,0.554696
0,25.6,0.423016,0.0220658,0.554918
0,25.7,0.423015,0.0218478,0.555137
0,25.8,0.423013,0.0216318,0.555355
0,25.9,0.423012,0.021418,0.55557
0,26,0.423011,0.0212064,0.555783
0,26.1,0.423009,0.0209968,0.555994
0,26.2,0.423008,0.0207893,0.556203
0,26.3,0.423006,0.0205838,0.55641
0,26.4,0.423005,0.0203804,0.556615
0,26.5,0.423004,0.0201789,0.556817
0,26.6,0.423002,0.0199795,0.557018
0,26.7,0.423001,0.0197821,0.557217
0,26.8,0.423,0.0195865,0.557414
0,26.9,0.422998,0.019393,0.557609
0,27,0.422997,0.0192013,0.557802
0,27.1,0.422996,0.0190115,0.557993
0,27.2,0.422994,0.0188236,0.558182
0,27.3,0.422993,0.0186376,0.558369
0,27.4,0.422992,0.0184534,0.558555
0,27.5,0.422991,0.018271,0.558738
0,27.6,0.422989,0.0180904,0.55892
0,27.7,0.422988,0.0179117,0.5591
0,27.8,0.422987,0.0177346,0.559278
0,27.9,0.422986,0.0175594,0.559455
0,28,0.422985,0.0173858,0.55963
0,28.1,0.422983,0.017214,0.559803
0,28.2,0.422982,0.0170439,0.559974
0,28.3,0.422981,0.0168754,0.560144
0,28.4,0.42298,0.0167086,0.560311
0,28.5,0.422979,0.0165435,0.560478
0,28.6,0.422978,0.01638,0.560642
0,28.7,0.422977,0.0162181,0.560805
0,28.8,0.422975,0.0160578,0.560967
0,28.9,0.422974,0.0158991,0.561126
0,29,0.422973,0.015742,0.561285
0,29.1,0.422972,0.0155864,0.561441
0,29.2,0.422971,0.0154324,0.561596
0,29.3,0.42297,0.0152799,0.56175
0,29.4,0.422969,0.0151289,0.561902
0,29.5,0.422968,0.0149793,0.562053
0,29.6,0.422967,0.0148313,0.562202
0,29.7,0.422966,0.0146847,0.562349
0,29.8,0.422965,0.0145396,0.562495
0,29.9,0.422964,0.0143959,0.56264
0,30,0.422963,0.0142536,0.562783
0,30.1,0.422962,0.0141128,0.562925
0,30.2,0.422961,0.0139733,0.563065
0,30.3,0.42296,0.0138352,0.563205
0,30.4,0.422959,0.0136985,0.563342
0,30.5,0.422958,0.0135631,0.563478
0,30.6,0.422957,0.0134291,0.563613
0,30.7,0.422957,0.0132964,0.563747
0,30.8,0.422956,0.013165,0.563879
0,30.9,0.422955,0.0130349,0.56401
0,31,0.422954,0.012906,0.56414
0,31.1,0.422953,0.0127785,0.564268
0,31.2,0.422952,0.0126522,0.564396
0,31.3,0.422951,0.0125272,0.564522
0,31.4,0.42295,0.0124034,0.564646
0,31.5,0.42295,0.0122808,0.56477
0,31.6,0.422949,0.0121594,0.564892
0,31.7,0.422948,0.0120393,0.565013
0,31.8,0.422947,0.0119203,0.565133
0,31.9,0.422946,0.0118025,0.565251
0,32,0.422945,0.0116859,0.565369
0,32.1,0.422945,0.0115704,0.565485
0,32.2,0.422944,0.0114561,0.5656
0,32.3,0.422943,0.0113429,0.565714
0,32.4,0.422942,0.0112308,0.565827
0,32.5,0.422942,0.0111198,0.565939
0,32.6,0.422941,0.0110099,0.566049
0,32.7,0.42294,0.0109011,0.566159
0,32.8,0.422939,0.0107934,0.566267
0,32.9,0.422939,0.0106867,0.566375
0,33,0.422938,0.0105811,0.566481
0,33.1,0.422937,0.0104766,0.566586
0,33.2,0.422936,0.010373,0.566691
0,33.3,0.422936,0.0102705,0.566794
0,33.4,0.422935,0.010169,0.566896
0,33.5,0.422934,0.0100686,0.566997
0,33.6,0.422934,0.00996906,0.567097
0,33.7,0.422933,0.00987056,0.567197
0,33.8,0.422932,0.00977302,0.567295
0,33.9,0.422931,0.00967645,0.567392
0,34,0.422931,0.00958084,0.567488
0,34.1,0.42293,0.00948617,0.567584
0,34.2,0.422929,0.00939243,0.567678
0,34.3,0.422929,0.00929963,0.567772
0,34.4,0.422928,0.00920774,0.567864
0,34.5,0.422928,0.00911675,0.567956
0,34.6,0.422927,0.00902667,0.568046
0,34.7,0.422926,0.00893748,0.568136
0,34.8,0.422926,0.00884917,0.568225
0,34.9,0.422925,0.00876173,0.568313
0,35,0.422924,0.00867516,0.5684
0,35.1,0.422924,0.00858945,0.568487
0,35.2,0.422923,0.00850458,0.568572
0,35.3,0.422923,0.00842055,0.568657
0,35.4,0.422922,0.00833735,0.568741
0,35.5,0.422921,0.00825497,0.568824
0,35.6,0.422921,0.00817341,0.568906
0,35.7,0.42292,0.00809265,0.568987
0,35.8,0.42292,0.00801269,0.569068
0,35.9,0.422919,0.00793353,0.569147
0,36,0.422919,0.00785514,0.569226
0,36.1,0.422918,0.00777753,0.569304
0,36.2,0.422918,0.00770069,0.569382
0,36.3,0.422917,0.00762461,0.569458
0,36.4,0.422916,0.00754928,0.569534
0,36.5,0.422916,0.00747469,0.569609
0,36.6,0.422915,0.00740084,0.569684
0,36.7,0.422915,0.00732772,0.569757
0,36.8,0.422914,0.00725533,0.56983
0,36.9,0.422914,0.00718365,0.569903
0,37,0.422913,0.00711268,0.569974
0,37.1,0.422913,0.00704241,0.570045
0,37.2,0.422912,0.00697283,0.570115
0,37.3,0.422912,0.00690395,0.570184
0,37.4,0.422911,0.00683574,0.570253
0,37.5,0.422911,0.00676821,0.570321
0,37.6,0.42291,0.00670134,0.570388
0,37.7,0.42291,0.00663514,0.570455
0,37.8,0.422909,0.00656959,0.570521
0,37.9,0.422909,0.00650469,0.570586
0,38,0.422908,0.00644043,0.570651
0,38.1,0.422908,0.00637681,0.570715
0,38.2,0.422908,0.00631381,0.570779
0,38.3,0.422907,0.00625144,0.570841
0,38.4,0.422907,0.00618969,0.570904
0,38.5,0.422906,0.00612854,0.570965
0,38.6,0.422906,0.006068,0.571026
0,38.7,0.422905,0.00600806,0.571087
0,38.8,0.422905,0.00594871,0.571146
0,38.9,0.422904,0.00588994,0.571206
0,39,0.422904,0.00583176,0.571264
0,39.1,0.422904,0.00577416,0.571322
0,39.2,0.422903,0.00571712,0.57138
0,39.3,0.422903,0.00566064,0.571437
0,39.4,0.422902,0.00560473,0.571493
0,39.5,0.422902,0.00554937,0.571549
0,39.6,0.422902,0.00549455,0.571604
0,39.7,0.422901,0.00544028,0.571659
0,39.8,0.422901,0.00538654,0.571713
0,39.9,0.4229,0.00533333,0.571766
0,40,0.4229,0.00528065,0.571819
0,40.1,0.4229,0.0052285,0.571872
0,40.2,0.422899,0.00517685,0.571924
0,40.3,0.422899,0.00512572,0.571975
0,40.4,0.422898,0.00507509,0.572026
0,40.5,0.422898,0.00502496,0.572077
0,40.6,0.422898,0.00497533,0.572127
0,40.7,0.422897,0.00492619,0.572176
0,40.8,0.422897,0.00487754,0.572226
0,40.9,0.422897,0.00482936,0.572274
0,41,0.422896,0.00478166,0.572322
0,41.1,0.422896,0.00473444,0.57237
0,41.2,0.422896,0.00468768,0.572417
0,41.3,0.422895,0.00464138,0.572463
0,41.4,0.422895,0.00459554,0.57251
0,41.5,0.422894,0.00455015,0.572555
0,41.6,0.422894,0.00450522,0.572601
0,41.7,0.422894,0.00446072,0.572645
0,41.8,0.422893,0.00441667,0.57269
0,41.9,0.422893,0.00437305,0.572734
0,42,0.422893,0.00432986,0.572777
0,42.1,0.422893,0.0042871,0.57282
0,42.2,0.422892,0.00424476,0.572863
0,42.3,0.422892,0.00420284,0.572905
0,42.4,0.422892,0.00416134,0.572947
0,42.5,0.422891,0.00412024,0.572989
0,42.6,0.422891,0.00407955,0.57303
0,42.7,0.422891,0.00403927,0.57307
0,42.8,0.42289,0.00399938,0.57311
0,42.9,0.42289,0.00395988,0.57315
0,43,0.42289,0.00392078,0.573189
0,43.1,0.422889,0.00388206,0.573229
0,43.2,0.422889,0.00384373,0.573267
0,43.3,0.422889,0.00380577,0.573305
0,43.4,0.422889,0.00376819,0.573343
0,43.5,0.422888,0.00373098,0.573381
0,43.6,0.422888,0.00369414,0.573418
0,43.7,0.422888,0.00365766,0.573455
0,43.8,0.422887,0.00362155,0.573491
0,43.9,0.422887,0.00358579,0.573527
0,44,0.422887,0.00355038,0.573563
0,44.1,0.422887,0.00351532,0.573598
0,44.2,0.422886,0.00348061,0.573633
0,44.3,0.422886,0.00344625,0.573668
0,44.4,0.422886,0.00341222,0.573702
0,44.5,0.422886,0.00337853,0.573736
0,44.6,0.422885,0.00334517,0.57377
0,44.7,0.422885,0.00331214,0.573803
0,44.8,0.422885,0.00327944,0.573836
0,44.9,0.422885,0.00324706,0.573868
0,45,0.422884,0.003215,0.573901
0,45.1,0.422884,0.00318326,0.573933
0,45.2,0.422884,0.00315183,0.573964
0,45.3,0.422884,0.00312072,0.573996
0,45.4,0.422883,0.00308991,0.574027
0,45.5,0.422883,0.0030594,0.574058
0,45.6,0.422883,0.0030292,0.574088
0,45.7,0.422883,0.00299929,0.574118
0,45.8,0.422882,0.00296968,0.574148
0,45.9,0.422882,0.00294036,0.574178
0,46,0.422882,0.00291134,0.574207
0,46.1,0.422882,0.00288259,0.574236
0,46.2,0.422881,0.00285414,0.574264
0,46.3,0.422881,0.00282596,0.574293
0,46.4,0.422881,0.00279806,0.574321
0,46.5,0.422881,0.00277044,0.574349
0,46.6,0.422881,0.00274309,0.574376
0,46.7,0.42288,0.00271602,0.574404
0,46.8,0.42288,0.00268921,0.574431
0,46.9,0.42288,0.00266266,0.574457
0,47,0.42288,0.00263638,0.574484
0,47.1,0.422879,0.00261035,0.57451
0,47.2,0.422879,0.00258459,0.574536
0,47.3,0.422879,0.00255907,0.574562
0,47.4,0.422879,0.00253381,0.574587
0,47.5,0.422879,0.0025088,0.574613
0,47.6,0.422878,0.00248404,0.574638
0,47.7,0.422878,0.00245952,0.574662
0,47.8,0.422878,0.00243525,0.574687
0,47.9,0.422878,0.00241121,0.574711
0,48,0.422878,0.00238741,0.574735
0,48.1,0.422877,0.00236385,0.574759
0,48.2,0.422877,0.00234052,0.574782
0,48.3,0.422877,0.00231742,0.574806
0,48.4,0.422877,0.00229454,0.574829
0,48.5,0.422877,0.0022719,0.574851
0,48.6,0.422877,0.00224948,0.574874
0,48.7,0.422876,0.00222727,0.574896
0,48.8,0.422876,0.00220529,0.574919
0,48.9,0.422876,0.00218353,0.574941
0,49,0.422876,0.00216198,0.574962
0,49.1,0.422876,0.00214064,0.574984
0,49.2,0.422875,0.00211952,0.575005
0,49.3,0.422875,0.0020986,0.575026
0,49.4,0.422875,0.00207789,0.575047
0,49.5,0.422875,0.00205739,0.575068
0,49.6,0.422875,0.00203708,0.575088
0,49.7,0.422875,0.00201698,0.575108
0,49.8,0.422874,0.00199708,0.575129
0,49.9,0.422874,0.00197737,0.575148
0,50,0.422874,0.00195786,0.575168
0,50.1,0.422874,0.00193854,0.575188
0,50.2,0.422874,0.00191941,0.575207
0,50.3,0.422874,0.00190047,0.575226
0,50.4,0.422873,0.00188172,0.575245
0,50.5,0.422873,0.00186315,0.575264
0,50.6,0.422873,0.00184477,0.575282
0,50.7,0.422873,0.00182656,0.5753
0,50.8,0.422873,0.00180854,0.575319
0,50.9,0.422873,0.0017907,0.575337
0,51,0.422873,0.00177303,0.575354
0,51.1,0.422872,0.00175554,0.575372
0,51.2,0.422872,0.00173821,0.57539
0,51.3,0.422872,0.00172107,0.575407
0,51.4,0.422872,0.00170408,0.575424
0,51.5,0.422872,0.00168727,0.575441
0,51.6,0.422872,0.00167063,0.575458
0,51.7,0.422872,0.00165414,0.575474
0,51.8,0.422871,0.00163782,0.575491
0,51.9,0.422871,0.00162167,0.575507
0,52,0.422871,0.00160567,0.575523
0,52.1,0.422871,0.00158983,0.575539
0,52.2,0.422871,0.00157414,0.575555
0,52.3,0.422871,0.00155862,0.575571
0,52.4,0.422871,0.00154324,0.575586
0,52.5,0.42287,0.00152802,0.575602
0,52.6,0.42287,0.00151294,0.575617
0,52.7,0.42287,0.00149802,0.575632
0,52.8,0.42287,0.00148324,0.575647
0,52.9,0.42287,0.00146861,0.575661
0,53,0.42287,0.00145412,0.575676
0,53.1,0.42287,0.00143978,0.575691
0,53.2,0.42287,0.00142558,0.575705
0,53.3,0.422869,0.00141152,0.575719
0,53.4,0.422869,0.00139759,0.575733
0,53.5,0.422869,0.00138381,0.575747
0,53.6,0.422869,0.00137016,0.575761
0,53.7,0.422869,0.00135665,0.575774
0,53.8,0.422869,0.00134327,0.575788
0,53.9,0.422869,0.00133002,0.575801
0,54,0.422869,0.0013169,0.575815
0,54.1,0.422868,0.00130391,0.575828
0,54.2,0.422868,0.00129105,0.575841
0,54.3,0.422868,0.00127832,0.575853
0,54.4,0.422868,0.00126571,0.575866
0,54.5,0.422868,0.00125323,0.575879
0,54.6,0.422868,0.00124087,0.575891
0,54.7,0.422868,0.00122863,0.575904
0,54.8,0.422868,0.00121652,0.575916
0,54.9,0.422868,0.00120452,0.575928
0,55,0.422867,0.00119264,0.57594
0,55.1,0.422867,0.00118088,0.575952
0,55.2,0.422867,0.00116924,0.575964
0,55.3,0.422867,0.00115771,0.575975
0,55.4,0.422867,0.00114629,0.575987
0,55.5,0.422867,0.00113499,0.575998
0,55.6,0.422867,0.0011238,0.576009
0,55.7,0.422867,0.00111271,0.576021
0,55.8,0.422867,0.00110174,0.576032
0,55.9,0.422867,0.00109088,0.576043
0,56,0.422866,0.00108012,0.576053
0,56.1,0.422866,0.00106947,0.576064
0,56.2,0.422866,0.00105893,0.576075
0,56.3,0.422866,0.00104849,0.576085
0,56.4,0.422866,0.00103815,0.576096
0,56.5,0.422866,0.00102792,0.576106
0,56.6,0.422866,0.00101778,0.576116
0,56.7,0.422866,0.00100775,0.576127
0,56.8,0.422866,0.000997811,0.576137
0,56.9,0.422866,0.000987974,0.576146
0,57,0.422865,0.000978234,0.576156
0,57.1,0.422865,0.000968591,0.576166
0,57.2,0.422865,0.000959042,0.576176
0,57.3,0.422865,0.000949588,0.576185
0,57.4,0.422865,0.000940227,0.576195
0,57.5,0.422865,0.000930958,0.576204
0,57.6,0.422865,0.000921781,0.576213
0,57.7,0.422865,0.000912695,0.576222
0,57.8,0.422865,0.000903698,0.576232
0,57.9,0.422865,0.00089479,0.576241
0,58,0.422865,0.00088597,0.576249
0,58.1,0.422865,0.000877237,0.576258
0,58.2,0.422864,0.000868591,0.576267
0,58.3,0.422864,0.000860029,0.576276
0,58.4,0.422864,0.000851553,0.576284
0,58.5,0.422864,0.000843159,0.576293
0,58.6,0.422864,0.000834849,0.576301
0,58.7,0.422864,0.000826621,0.576309
0,58.8,0.422864,0.000818474,0.576318
0,58.9,0.422864,0.000810407,0.576326
0,59,0.422864,0.000802421,0.576334
0,59.1,0.422864,0.000794512,0.576342
0,59.2,0.422864,0.000786682,0.57635
0,59.3,0.422864,0.00077893,0.576357
0,59.4,0.422863,0.000771254,0.576365
0,59.5,0.422863,0.000763653,0.576373
0,59.6,0.422863,0.000756128,0.576381
0,59.7,0.422863,0.000748677,0.576388
0,59.8,0.422863,0.000741299,0.576395
0,59.9,0.422863,0.000733994,0.576403
0,60,0.422863,0.000726762,0.57641
0,60.1,0.422863,0.0007196,0.576417
0,60.2,0.422863,0.00071251,0.576425
0,60.3,0.422863,0.000705489,0.576432
0,60.4,0.422863,0.000698538,0.576439
0,60.5,0.422863,0.000691655,0.576446
0,60.6,0.422863,0.00068484,0.576453
0,60.7,0.422863,0.000678093,0.576459
0,60.8,0.422863,0.000671412,0.576466
0,60.9,0.422862,0.000664797,0.576473
0,61,0.422862,0.000658247,0.576479
0,61.1,0.422862,0.000651762,0.576486
0,61.2,0.422862,0.000645341,0.576492
0,61.3,0.422862,0.000638984,0.576499
0,61.4,0.422862,0.000632689,0.576505
0,61.5,0.422862,0.000626456,0.576511
0,61.6,0.422862,0.000620285,0.576518
0,61.7,0.422862,0.000614174,0.576524
0,61.8,0.422862,0.000608124,0.57653
0,61.9,0.422862,0.000602134,0.576536
0,62,0.422862,0.000596202,0.576542
0,62.1,0.422862,0.00059033,0.576548
0,62.2,0.422862,0.000584515,0.576554
0,62.3,0.422862,0.000578757,0.57656
0,62.4,0.422862,0.000573057,0.576565
0,62.5,0.422861,0.000567412,0.576571
0,62.6,0.422861,0.000561824,0.576577
0,62.7,0.422861,0.00055629,0.576582
0,62.8,0.422861,0.000550811,0.576588
0,62.9,0.422861,0.000545386,0.576593
0,63,0.422861,0.000540015,0.576599
0,63.1,0.422861,0.000534697,0.576604
0,63.2,0.422861,0.000529431,0.576609
0,63.3,0.422861,0.000524217,0.576615
0,63.4,0.422861,0.000519055,0.57662
0,63.5,0.422861,0.000513943,0.576625
0,63.6,0.422861,0.000508882,0.57663
0,63.7,0.422861,0.000503871,0.576635
0,63.8,0.422861,0.000498909,0.57664
0,63.9,0.422861,0.000493996,0.576645
0,64,0.422861,0.000489132,0.57665
0,64.1,0.422861,0.000484316,0.576655
0,64.2,0.422861,0.000479547,0.57666
0,64.3,0.42286,0.000474825,0.576665
0,64.4,0.42286,0.00047015,0.576669
0,64.5,0.42286,0.000465521,0.576674
0,64.6,0.42286,0.000460938,0.576679
0,64.7,0.42286,0.000456399,0.576683
0,64.8,0.42286,0.000451906,0.576688
0,64.9,0.42286,0.000447457,0.576692
0,65,0.42286,0.000443052,0.576697
0,65.1,0.42286,0.00043869,0.576701
0,65.2,0.42286,0.000434371,0.576706
0,65.3,0.42286,0.000430095,0.57671
0,65.4,0.42286,0.000425861,0.576714
0,65.5,0.42286,0.000421669,0.576718
0,65.6,0.42286,0.000417518,0.576723
0,65.7,0.42286,0.000413408,0.576727
0,65.8,0.42286,0.000409339,0.576731
0,65.9,0.42286,0.00040531,0.576735
0,66,0.42286,0.00040132,0.576739
0,66.1,0.42286,0.00039737,0.576743
0,66.2,0.42286,0.000393459,0.576747
0,66.3,0.42286,0.000389587,0.576751
0,66.4,0.42286,0.000385752,0.576755
0,66.5,0.422859,0.000381956,0.576759
0,66.6,0.422859,0.000378197,0.576762
0,66.7,0.422859,0.000374475,0.576766
0,66.8,0.422859,0.000370789,0.57677
0,66.9,0.422859,0.00036714,0.576774
0,67,0.422859,0.000363527,0.576777
0,67.1,0.422859,0.00035995,0.576781
0,67.2,0.422859,0.000356408,0.576784
0,67.3,0.422859,0.0003529,0.576788
0,67.4,0.422859,0.000349428,0.576791
0,67.5,0.422859,0.00034599,0.576795
0,67.6,0.422859,0.000342585,0.576798
0,67.7,0.422859,0.000339214,0.576802
0,67.8,0.422859,0.000335877,0.576805
0,67.9,0.422859,0.000332572,0.576808
0,68,0.422859,0.0003293,0.576812
0,68.1,0.422859,0.00032606,0.576815
0,68.2,0.422859,0.000322852,0.576818
0,68.3,0.422859,0.000319676,0.576822
0,68.4,0.422859,0.000316531,0.576825
0,68.5,0.422859,0.000313417,0.576828
0,68.6,0.422859,0.000310333,0.576831
0,68.7,0.422859,0.000307281,0.576834
0,68.8,0.422859,0.000304258,0.576837
0,68.9,0.422859,0.000301265,0.57684
0,69,0.422859,0.000298301,0.576843
0,69.1,0.422859,0.000295367,0.576846
0,69.2,0.422858,0.000292462,0.576849
0,69.3,0.422858,0.000289585,0.576852
0,69.4,0.422858,0.000286737,0.576855
0,69.5,0.422858,0.000283916,0.576858
0,69.6,0.422858,0.000281124,0.576861
0,69.7,0.422858,0.000278359,0.576863
0,69.8,0.422858,0.000275621,0.576866
0,69.9,0.422858,0.000272911,0.576869
0,70,0.422858,0.000270227,0.576872
0,70.1,0.422858,0.000267569,0.576874
0,70.2,0.422858,0.000264938,0.576877
0,70.3,0.422858,0.000262333,0.57688
0,70.4,0.422858,0.000259753,0.576882
0,70.5,0.422858,0.000257199,0.576885
0,70.6,0.422858,0.00025467,0.576887
0,70.7,0.422858,0.000252165,0.57689
0,70.8,0.422858,0.000249686,0.576892
0,70.9,0.422858,0.000247231,0.576895
0,71,0.422858,0.0002448,0.576897
0,71.1,0.422858,0.000242393,0.5769
0,71.2,0.422858,0.00024001,0.576902
0,71.3,0.422858,0.00023765,0.576905
0,71.4,0.422858,0.000235314,0.576907
0,71.5,0.422858,0.000233001,0.576909
0,71.6,0.422858,0.00023071,0.576912
0,71.7,0.422858,0.000228442,0.576914
0,71.8,0.422858,0.000226196,0.576916
0,71.9,0.422858,0.000223973,0.576918
0,72,0.422858,0.000221771,0.576921
0,72.1,0.422858,0.000219591,0.576923
0,72.2,0.422858,0.000217433,0.576925
0,72.3,0.422858,0.000215296,0.576927
0,72.4,0.422858,0.000213179,0.576929
0,72.5,0.422857,0.000211084,0.576931
0,72.6,0.422857,0.000209009,0.576934
0,72.7,0.422857,0.000206955,0.576936
0,72.8,0.422857,0.000204921,0.576938
0,72.9,0.422857,0.000202907,0.57694
0,73,0.422857,0.000200913,0.576942
0,73.1,0.422857,0.000198939,0.576944
0,73.2,0.422857,0.000196984,0.576946
0,73.3,0.422857,0.000195048,0.576948
0,73.4,0.422857,0.000193132,0.57695
0,73.5,0.422857,0.000191234,0.576952
0,73.6,0.422857,0.000189355,0.576953
0,73.7,0.422857,0.000187494,0.576955
0,73.8,0.422857,0.000185652,0.576957
0,73.9,0.422857,0.000183828,0.576959
0,74,0.422857,0.000182022,0.576961
0,74.1,0.422857,0.000180233,0.576963
0,74.2,0.422857,0.000178463,0.576964
0,74.3,0.422857,0.00017671,0.576966
0,74.4,0.422857,0.000174974,0.576968
0,74.5,0.422857,0.000173255,0.57697
0,74.6,0.422857,0.000171553,0.576971
0,74.7,0.422857,0.000169867,0.576973
0,74.8,0.422857,0.000168199,0.576975
0,74.9,0.422857,0.000166547,0.576977
0,75,0.422857,0.000164911,0.576978
0,75.1,0.422857,0.000163291,0.57698
0,75.2,0.422857,0.000161687,0.576981
0,75.3,0.422857,0.000160099,0.576983
0,75.4,0.422857,0.000158527,0.576985
0,75.5,0.422857,0.00015697,0.576986
0,75.6,0.422857,0.000155428,0.576988
0,75.7,0.422857,0.000153902,0.576989
0,75.8,0.422857,0.000152391,0.576991
0,75.9,0.422857,0.000150894,0.576992
0,76,0.422857,0.000149412,0.576994
0,76.1,0.422857,0.000147945,0.576995
0,76.2,0.422857,0.000146492,0.576997
0,76.3,0.422857,0.000145054,0.576998
0,76.4,0.422857,0.00014363,0.577
0,76.5,0.422857,0.00014222,0.577001
0,76.6,0.422857,0.000140823,0.577003
0,76.7,0.422857,0.000139441,0.577004
0,76.8,0.422857,0.000138072,0.577005
0,76.9,0.422857,0.000136716,0.577007
0,77,0.422857,0.000135374,0.577008
0,77.1,0.422856,0.000134045,0.577009
0,77.2,0.422856,0.000132729,0.577011
0,77.3,0.422856,0.000131426,0.577012
0,77.4,0.422856,0.000130136,0.577013
0,77.5,0.422856,0.000128859,0.577015
0,77.6,0.422856,0.000127594,0.577016
0,77.7,0.422856,0.000126342,0.577017
0,77.8,0.422856,0.000125102,0.577019
0,77.9,0.422856,0.000123874,0.57702
0,78,0.422856,0.000122658,0.577021
0,78.1,0.422856,0.000121454,0.577022
0,78.2,0.422856,0.000120263,0.577023
0,78.3,0.422856,0.000119082,0.577025
0,78.4,0.422856,0.000117914,0.577026
0,78.5,0.422856,0.000116757,0.577027
0,78.6,0.422856,0.000115611,0.577028
0,78.7,0.422856,0.000114477,0.577029
0,78.8,0.422856,0.000113353,0.57703
0,78.9,0.422856,0.000112241,0.577032
0,79,0.422856,0.00011114,0.577033
0,79.1,0.422856,0.00011005,0.577034
0,79.2,0.422856,0.00010897,0.577035
0,79.3,0.422856,0.000107901,0.577036
0,79.4,0.422856,0.000106842,0.577037
0,79.5,0.422856,0.000105794,0.577038
0,79.6,0.422856,0.000104756,0.577039
0,79.7,0.422856,0.000103729,0.57704
0,79.8,0.422856,0.000102711,0.577041
0,79.9,0.422856,0.000101704,0.577042
0,80,0.422856,0.000100706,0.577043
0,80.1,0.422856,9.97187e-05,0.577044
0,80.2,0.422856,9.87407e-05,0.577045
0,80.3,0.422856,9.77723e-05,0.577046
0,80.4,0.422856,9.68134e-05,0.577047
0,80.5,0.422856,9.5864e-05,0.577048
0,80.6,0.422856,9.49239e-05,0.577049
0,80.7,0.422856,9.39931e-05,0.57705
0,80.8,0.422856,9.30714e-05,0.577051
0,80.9,0.422856,9.21588e-05,0.577052
0,81,0.422856,9.12552e-05,0.577053
0,81.1,0.422856,9.03604e-05,0.577054
0,81.2,0.422856,8.94745e-05,0.577055
0,81.3,0.422856,8.85972e-05,0.577056
0,81.4,0.422856,8.77286e-05,0.577056
0,81.5,0.422856,8.68686e-05,0.577057
0,81.6,0.422856,8.6017e-05,0.577058
0,81.7,0.422856,8.51737e-05,0.577059
0,81.8,0.422856,8.43388e-05,0.57706
0,81.9,0.422856,8.35121e-05,0.577061
0,82,0.422856,8.26935e-05,0.577062
0,82.1,0.422856,8.18829e-05,0.577062
0,82.2,0.422856,8.10804e-05,0.577063
0,82.3,0.422856,8.02857e-05,0.577064
0,82.4,0.422856,7.94988e-05,0.577065
0,82.5,0.422856,7.87197e-05,0.577066
0,82.6,0.422856,7.79483e-05,0.577066
0,82.7,0.422856,7.71844e-05,0.577067
0,82.8,0.422856,7.6428e-05,0.577068
0,82.9,0.422856,7.56791e-05,0.577069
0,83,0.422856,7.49375e-05,0.577069
0,83.1,0.422856,7.42033e-05,0.57707
0,83.2,0.422856,7.34762e-05,0.577071
0,83.3,0.422856,7.27563e-05,0.577072
0,83.4,0.422856,7.20435e-05,0.577072
0,83.5,0.422856,7.13377e-05,0.577073
0,83.6,0.422856,7.06388e-05,0.577074
0,83.7,0.422856,6.99468e-05,0.577074
0,83.8,0.422856,6.92616e-05,0.577075
0,83.9,0.422856,6.85831e-05,0.577076
0,84,0.422856,6.79113e-05,0.577077
0,84.1,0.422856,6.72461e-05,0.577077
0,84.2,0.422856,6.65875e-05,0.577078
0,84.3,0.422855,6.59353e-05,0.577079
0,84.4,0.422855,6.52895e-05,0.577079
0,84.5,0.422855,6.46501e-05,0.57708
0,84.6,0.422855,6.40169e-05,0.577081
0,84.7,0.422855,6.339e-05,0.577081
0,84.8,0.422855,6.27693e-05,0.577082
0,84.9,0.422855,6.21546e-05,0.577082
0,85,0.422855,6.1546e-05,0.577083
0,85.1,0.422855,6.09434e-05,0.577084
0,85.2,0.422855,6.03467e-05,0.577084
0,85.3,0.422855,5.97558e-05,0.577085
0,85.4,0.422855,5.91708e-05,0.577085
0,85.5,0.422855,5.85915e-05,0.577086
0,85.6,0.422855,5.80179e-05,0.577087
0,85.7,0.422855,5.74499e-05,0.577087
0,85.8,0.422855,5.68875e-05,0.577088
0,85.9,0.422855,5.63307e-05,0.577088
0,86,0.422855,5.57793e-05,0.577089
0,86.1,0.422855,5.52333e-05,0.577089
0,86.2,0.422855,5.46927e-05,0.57709
0,86.3,0.422855,5.41574e-05,0.577091
0,86.4,0.422855,5.36274e-05,0.577091
0,86.5,0.422855,5.31026e-05,0.577092
0,86.6,0.422855,5.25829e-05,0.577092
0,86.7,0.422855,5.20683e-05,0.577093
0,86.8,0.422855,5.15588e-05,0.577093
0,86.9,0.422855,5.10543e-05,0.577094
0,87,0.422855,5.05548e-05,0.577094
0,87.1,0.422855,5.00601e-05,0.577095
0,87.2,0.422855,4.95704e-05,0.577095
0,87.3,0.422855,4.90854e-05,0.577096
0,87.4,0.422855,4.86052e-05,0.577096
0,87.5,0.422855,4.81297e-05,0.577097
0,87.6,0.422855,4.76589e-05,0.577097
0,87.7,0.422855,4.71927e-05,0.577098
0,87.8,0.422855,4.6731e-05,0.577098
0,87.9,0.422855,4.6274e-05,0.577099
0,88,0.422855,4.58214e-05,0.577099
0,88.1,0.422855,4.53732e-05,0.577099
0,88.2,0.422855,4.49295e-05,0.5771
0,88.3,0.422855,4.44901e-05,0.5771
0,88.4,0.422855,4.4055e-05,0.577101
0,88.5,0.422855,4.36242e-05,0.577101
0,88.6,0.422855,4.31976e-05,0.577102
0,88.7,0.422855,4.27752e-05,0.577102
0,88.8,0.422855,4.2357e-05,0.577103
0,88.9,0.422855,4.19428e-05,0.577103
0,89,0.422855,4.15327e-05,0.577103
0,89.1,0.422855,4.11267e-05,0.577104
0,89.2,0.422855,4.07246e-05,0.577104
0,89.3,0.422855,4.03265e-05,0.577105
0,89.4,0.422855,3.99323e-05,0.577105
0,89.5,0.422855,3.9542e-05,0.577105
0,89.6,0.422855,3.91555e-05,0.577106
0,89.7,0.422855,3.87728e-05,0.577106
0,89.8,0.422855,3.83938e-05,0.577107
0,89.9,0.422855,3.80186e-05,0.577107
0,90,0.422855,3.7647e-05,0.577107
0,90.1,0.422855,3.72791e-05,0.577108
0,90.2,0.422855,3.69148e-05,0.577108
0,90.3,0.422855,3.65541e-05,0.577108
0,90.4,0.422855,3.61969e-05,0.577109
0,90.5,0.422855,3.58433e-05,0.577109
0,90.6,0.422855,3.54931e-05,0.57711
0,90.7,0.422855,3.51463e-05,0.57711
0,90.8,0.422855,3.48029e-05,0.57711
0,90.9,0.422855,3.44629e-05,0.577111
0,91,0.422855,3.41263e-05,0.577111
0,91.1,0.422855,3.37929e-05,0.577111
0,91.2,0.422855,3.34628e-05,0.577112
0,91.3,0.422855,3.3136e-05,0.577112
0,91.4,0.422855,3.28123e-05,0.577112
0,91.5,0.422855,3.24919e-05,0.577113
0,91.6,0.422855,3.21746e-05,0.577113
0,91.7,0.422855,3.18604e-05,0.577113
0,91.8,0.422855,3.15492e-05,0.577114
0,91.9,0.422855,3.12411e-05,0.577114
0,92,0.422855,3.09361e-05,0.577114
0,92.1,0.422855,3.0634e-05,0.577114
0,92.2,0.422855,3.03349e-05,0.577115
0,92.3,0.422855,3.00388e-05,0.577115
0,92.4,0.422855,2.97455e-05,0.577115
0,92.5,0.422855,2.94551e-05,0.577116
0,92.6,0.422855,2.91676e-05,0.577116
0,92.7,0.422855,2.88829e-05,0.577116
0,92.8,0.422855,2.8601e-05,0.577117
0,92.9,0.422855,2.83218e-05,0.577117
0,93,0.422855,2.80454e-05,0.577117
0,93.1,0.422855,2.77717e-05,0.577117
0,93.2,0.422855,2.75006e-05,0.577118
0,93.3,0.422855,2.72323e-05,0.577118
0,93.4,0.422855,2.69665e-05,0.577118
0,93.5,0.422855,2.67034e-05,0.577118
0,93.6,0.422855,2.64428e-05,0.577119
0,93.7,0.422855,2.61848e-05,0.577119
0,93.8,0.422855,2.59294e-05,0.577119
0,93.9,0.422855,2.56764e-05,0.57712
0,94,0.422855,2.54259e-05,0.57712
0,94.1,0.422855,2.51779e-05,0.57712
0,94.2,0.422855,2.49323e-05,0.57712
0,94.3,0.422855,2.46891e-05,0.577121
0,94.4,0.422855,2.44483e-05,0.577121
0,94.5,0.422855,2.42098e-05,0.577121
0,94.6,0.422855,2.39737e-05,0.577121
0,94.7,0.422855,2.37399e-05,0.577122
0,94.8,0.422855,2.35084e-05,0.577122
0,94.9,0.422855,2.32792e-05,0.577122
0,95,0.422855,2.30522e-05,0.577122
0,95.1,0.422855,2.28274e-05,0.577122
0,95.2,0.422855,2.26049e-05,0.577123
0,95.3,0.422855,2.23845e-05,0.577123
0,95.4,0.422855,2.21663e-05,0.577123
0,95.5,0.422855,2.19502e-05,0.577123
0,95.6,0.422855,2.17362e-05,0.577124
0,95.7,0.422855,2.15243e-05,0.577124
0,95.8,0.422855,2.13145e-05,0.577124
0,95.9,0.422855,2.11068e-05,0.577124
0,96,0.422855,2.09011e-05,0.577124
0,96.1,0.422855,2.06974e-05,0.577125
0,96.2,0.422855,2.04957e-05,0.577125
0,96.3,0.422855,2.0296e-05,0.577125
0,96.4,0.422855,2.00982e-05,0.577125
0,96.5,0.422855,1.99024e-05,0.577125
0,96.6,0.422855,1.97085e-05,0.577126
0,96.7,0.422855,1.95165e-05,0.577126
0,96.8,0.422855,1.93263e-05,0.577126
0,96.9,0.422855,1.91381e-05,0.577126
0,97,0.422855,1.89516e-05,0.577126
0,97.1,0.422855,1.8767e-05,0.577127
0,97.2,0.422855,1.85842e-05,0.577127
0,97.3,0.422855,1.84032e-05,0.577127
0,97.4,0.422855,1.8224e-05,0.577127
0,97.5,0.422855,1.80465e-05,0.577127
0,97.6,0.422855,1.78708e-05,0.577128
0,97.7,0.422855,1.76968e-05,0.577128
0,97.8,0.422855,1.75245e-05,0.577128
0,97.9,0.422855,1.73538e-05,0.577128
0,98,0.422855,1.71849e-05,0.577128
0,98.1,0.422855,1.70176e-05,0.577128
0,98.2,0.422855,1.68519e-05,0.577129
0,98.3,0.422855,1.66879e-05,0.577129
0,98.4,0.422855,1.65254e-05,0.577129
0,98.5,0.422855,1.63646e-05,0.577129
0,98.6,0.422855,1.62053e-05,0.577129
0,98.7,0.422855,1.60476e-05,0.577129
0,98.8,0.422855,1.58914e-05,0.57713
0,98.9,0.422855,1.57368e-05,0.57713
0,99,0.422855,1.55836e-05,0.57713
0,99.1,0.422855,1.5432e-05,0.57713
0,99.2,0.422855,1.52819e-05,0.57713
0,99.3,0.422855,1.51332e-05,0.57713
0,99.4,0.422855,1.4986e-05,0.57713
0,99.5,0.422855,1.48402e-05,0.577131
0,99.6,0.422855,1.46958e-05,0.577131
0,99.7,0.422855,1.45529e-05,0.577131
0,99.8,0.422855,1.44113e-05,0.577131
0,99.9,0.422855,1.42712e-05,0.577131
1,0,0.154815,0.307979,0.537206
1,0.1,0.15464,0.305089,0.540271
1,0.2,0.154465,0.302227,0.543308
1,0.3,0.154289,0.299395,0.546316
1,0.4,0.154113,0.296591,0.549296
1,0.5,0.153936,0.293816,0.552248
1,0.6,0.153759,0.291069,0.555172
1,0.7,0.15358,0.288351,0.558069
1,0.8,0.153401,0.28566,0.560939
1,0.9,0.153221,0.282996,0.563782
1,1,0.153041,0.28036,0.566599
1,1.1,0.152859,0.277751,0.56939
1,1.2,0.152676,0.275169,0.572154
1,1.3,0.152493,0.272614,0.574893
1,1.4,0.152308,0.270085,0.577607
1,1.5,0.152123,0.267582,0.580295
1,1.6,0.151937,0.265105,0.582958
1,1.7,0.151749,0.262654,0.585597
1,1.8,0.15156,0.260228,0.588212
1,1.9,0.151371,0.257827,0.590802
1,2,0.15118,0.255452,0.593368
1,2.1,0.150988,0.253101,0.595911
1,2.2,0.150795,0.250775,0.59843
1,2.3,0.150601,0.248472,0.600927
1,2.4,0.150406,0.246194,0.6034
1,2.5,0.150209,0.24394,0.605851
1,2.6,0.150011,0.24171,0.608279
1,2.7,0.149813,0.239503,0.610685
1,2.8,0.149612,0.237319,0.613069
1,2.9,0.149411,0.235158,0.615431
1,3,0.149209,0.233019,0.617772
1,3.1,0.149005,0.230903,0.620092
1,3.2,0.1488,0.22881,0.62239
1,3.3,0.148594,0.226738,0.624668
1,3.4,0.148387,0.224688,0.626925
1,3.5,0.148178,0.22266,0.629162
1,3.6,0.147968,0.220653,0.631378
1,3.7,0.147757,0.218668,0.633575
1,3.8,0.147545,0.216703,0.635752
1,3.9,0.147332,0.214759,0.637909
1,4,0.147118,0.212835,0.640047
1,4.1,0.146902,0.210932,0.642166
1,4.2,0.146685,0.209049,0.644266
1,4.3,0.146468,0.207186,0.646347
1,4.4,0.146249,0.205342,0.648409
1,4.5,0.146029,0.203518,0.650454
1,4.6,0.145808,0.201713,0.65248
1,4.7,0.145585,0.199927,0.654488
1,4.8,0.145362,0.198159,0.656478
1,4.9,0.145138,0.196411,0.658451
1,5,0.144913,0.19468,0.660407
1,5.1,0.144687,0.192968,0.662345
1,5.2,0.14446,0.191274,0.664266
1,5.3,0.144232,0.189598,0.666171
1,5.4,0.144003,0.187939,0.668058
1,5.5,0.143773,0.186298,0.669929
1,5.6,0.143542,0.184673,0.671784
1,5.7,0.143311,0.183066,0.673623
1,5.8,0.143079,0.181476,0.675446
1,5.9,0.142846,0.179902,0.677252
1,6,0.142612,0.178344,0.679044
1,6.1,0.142378,0.176803,0.680819
1,6.2,0.142143,0.175277,0.68258
1,6.3,0.141907,0.173768,0.684325
1,6.4,0.141671,0.172273,0.686055
1,6.5,0.141435,0.170795,0.687771
1,6.6,0.141197,0.169331,0.689471
1,6.7,0.14096,0.167883,0.691157
1,6.8,0.140722,0.166449,0.692829
1,6.9,0.140483,0.16503,0.694486
1,7,0.140244,0.163626,0.69613
1,7.1,0.140005,0.162236,0.697759
1,7.2,0.139766,0.16086,0.699374
1,7.3,0.139526,0.159498,0.700976
1,7.4,0.139286,0.158149,0.702564
1,7.5,0.139046,0.156814,0.704139
1,7.6,0.138806,0.155493,0.705701
1,7.7,0.138566,0.154185,0.707249
1,7.8,0.138326,0.15289,0.708784
1,7.9,0.138086,0.151607,0.710307
1,8,0.137846,0.150338,0.711817
1,8.1,0.137605,0.149081,0.713314
1,8.2,0.137366,0.147836,0.714798
1,8.3,0.137126,0.146604,0.71627
1,8.4,0.136886,0.145384,0.71773
1,8.5,0.136647,0.144175,0.719178
1,8.6,0.136408,0.142978,0.720614
1,8.7,0.136169,0.141793,0.722038
1,8.8,0.135931,0.14062,0.72345
1,8.9,0.135693,0.139457,0.72485
1,9,0.135455,0.138306,0.726239
1,9.1,0.135218,0.137166,0.727616
1,9.2,0.134982,0.136036,0.728982
1,9.3,0.134746,0.134917,0.730337
1,9.4,0.13451,0.133809,0.731681
1,9.5,0.134276,0.132711,0.733013
1,9.6,0.134042,0.131623,0.734335
1,9.7,0.133808,0.130546,0.735646
1,9.8,0.133576,0.129478,0.736946
1,9.9,0.133344,0.128421,0.738235
1,10,0.133113,0.127373,0.739514
1,10.1,0.132883,0.126334,0.740783
1,10.2,0.132654,0.125305,0.742041
1,10.3,0.132426,0.124285,0.743289
1,10.4,0.132198,0.123275,0.744527
1,10.5,0.131972,0.122274,0.745755
1,10.6,0.131747,0.121281,0.746972
1,10.7,0.131522,0.120298,0.74818
1,10.8,0.131299,0.119323,0.749378
1,10.9,0.131077,0.118356,0.750567
1,11,0.130856,0.117399,0.751745
1,11.1,0.130636,0.116449,0.752915
1,11.2,0.130417,0.115508,0.754074
1,11.3,0.1302,0.114575,0.755225
1,11.4,0.129984,0.11365,0.756366
1,11.5,0.129769,0.112733,0.757498
1,11.6,0.129555,0.111824,0.758621
1,11.7,0.129343,0.110923,0.759734
1,11.8,0.129132,0.110029,0.760839
1,11.9,0.128922,0.109143,0.761935
1,12,0.128714,0.108264,0.763022
1,12.1,0.128507,0.107393,0.7641
1,12.2,0.128301,0.106529,0.76517
1,12.3,0.128097,0.105672,0.766231
1,12.4,0.127894,0.104822,0.767283
1,12.5,0.127693,0.103979,0.768327
1,12.6,0.127493,0.103144,0.769363
1,12.7,0.127295,0.102315,0.77039
1,12.8,0.127098,0.101492,0.771409
1,12.9,0.126903,0.100677,0.77242
1,13,0.126709,0.0998678,0.773423
1,13.1,0.126517,0.0990654,0.774418
1,13.2,0.126326,0.0982694,0.775404
1,13.3,0.126137,0.0974798,0.776383
1,13.4,0.12595,0.0966965,0.777354
1,13.5,0.125764,0.0959194,0.778317
1,13.6,0.125579,0.0951486,0.779272
1,13.7,0.125396,0.0943838,0.78022
1,13.8,0.125215,0.093625,0.78116
