Rank,Time,S_avg,I_avg,R_avg
0,0.2,0.250454,0.247987,0.501559
0,0.4,0.247324,0.246175,0.5065
0,0.6,0.244248,0.244347,0.511406
0,0.8,0.241224,0.242501,0.516274
0,1,0.238255,0.24064,0.521106
0,1.2,0.235339,0.238762,0.5259
0,1.4,0.232476,0.236868,0.530656
0,1.6,0.229666,0.23496,0.535374
0,1.8,0.22691,0.233036,0.540054
0,2,0.224206,0.231099,0.544696
0,2.2,0.221554,0.229147,0.549298
0,2.4,0.218955,0.227183,0.553861
0,2.6,0.216407,0.225207,0.558385
0,2.8,0.213911,0.223219,0.56287
0,3,0.211465,0.221221,0.567314
0,3.2,0.209069,0.219213,0.571718
0,3.4,0.206723,0.217195,0.576083
0,3.6,0.204425,0.215169,0.580406
0,3.8,0.202175,0.213136,0.584689
0,4,0.199973,0.211095,0.588932
0,4.2,0.197818,0.209049,0.593133
0,4.4,0.195708,0.206999,0.597293
0,4.6,0.193644,0.204944,0.601413
0,4.8,0.191623,0.202885,0.605491
0,5,0.189647,0.200825,0.609528
0,5.2,0.187713,0.198763,0.613524
0,5.4,0.185821,0.1967,0.617479
0,5.6,0.183971,0.194637,0.621392
0,5.8,0.18216,0.192576,0.625264
0,6,0.180389,0.190516,0.629095
0,6.2,0.178657,0.188459,0.632885
0,6.4,0.176962,0.186405,0.636633
0,6.6,0.175304,0.184355,0.640341
0,6.8,0.173683,0.18231,0.644008
0,7,0.172096,0.18027,0.647633
0,7.2,0.170544,0.178237,0.651218
0,7.4,0.169026,0.176211,0.654763
0,7.6,0.167541,0.174192,0.658267
0,7.8,0.166088,0.172182,0.661731
0,8,0.164666,0.17018,0.665154
0,8.2,0.163275,0.168188,0.668538
0,8.4,0.161913,0.166205,0.671882
0,8.6,0.160581,0.164233,0.675186
0,8.8,0.159277,0.162272,0.678451
0,9,0.158001,0.160322,0.681677
0,9.2,0.156751,0.158385,0.684864
0,9.4,0.155529,0.156459,0.688012
0,9.6,0.154331,0.154546,0.691122
0,9.8,0.153159,0.152647,0.694194
0,10,0.152011,0.150761,0.697228
0,10.2,0.150887,0.148889,0.700225
0,10.4,0.149785,0.147031,0.703184
0,10.6,0.148707,0.145187,0.706106
0,10.8,0.14765,0.143358,0.708991
0,11,0.146615,0.141544,0.71184
0,11.2,0.145601,0.139746,0.714653
0,11.4,0.144607,0.137963,0.71743
0,11.6,0.143632,0.136196,0.720172
0,11.8,0.142678,0.134444,0.722878
0,12,0.141741,0.132709,0.72555
0,12.2,0.140824,0.13099,0.728187
0,12.4,0.139924,0.129287,0.730789
0,12.6,0.139041,0.1276,0.733358
0,12.8,0.138176,0.125931,0.735894
0,13,0.137327,0.124277,0.738396
0,13.2,0.136494,0.122641,0.740865
0,13.4,0.135677,0.121022,0.743301
0,13.6,0.134875,0.119419,0.745706
0,13.8,0.134089,0.117833,0.748078
0,14,0.133316,0.116264,0.750419
0,14.2,0.132559,0.114713,0.752729
0,14.4,0.131814,0.113178,0.755008
0,14.6,0.131084,0.11166,0.757256
0,14.8,0.130367,0.110159,0.759474
0,15,0.129662,0.108675,0.761662
0,15.2,0.12897,0.107208,0.763821
0,15.4,0.128291,0.105758,0.765951
0,15.6,0.127623,0.104325,0.768052
0,15.8,0.126968,0.102908,0.770124
0,16,0.126323,0.101509,0.772168
0,16.2,0.12569,0.100126,0.774184
0,16.4,0.125068,0.0987591,0.776173
0,16.6,0.124456,0.0974092,0.778135
0,16.8,0.123855,0.0960756,0.78007
0,17,0.123264,0.0947584,0.781978
0,17.2,0.122682,0.0934574,0.78386
0,17.4,0.122111,0.0921726,0.785716
0,17.6,0.121549,0.0909038,0.787547
0,17.8,0.120996,0.0896509,0.789353
0,18,0.120453,0.0884139,0.791133
0,18.2,0.119918,0.0871926,0.792889
0,18.4,0.119392,0.0859868,0.794621
0,18.6,0.118875,0.0847966,0.796329
0,18.8,0.118365,0.0836216,0.798013
0,19,0.117864,0.0824619,0.799674
0,19.2,0.117371,0.0813172,0.801312
0,19.4,0.116886,0.0801876,0.802927
0,19.6,0.116408,0.0790727,0.804519
0,19.8,0.115938,0.0779725,0.80609
0,20,0.115475,0.0768868,0.807638
1,0.2,0.166308,0.178391,0.655302
1,0.4,0.166308,0.174858,0.658834
1,0.6,0.166308,0.171396,0.662297
1,0.8,0.166308,0.168002,0.665691
1,1,0.166308,0.164675,0.669017
1,1.2,0.166308,0.161414,0.672278
1,1.4,0.166308,0.158218,0.675474
1,1.6,0.166308,0.155085,0.678607
1,1.8,0.166308,0.152014,0.681678
1,2,0.166308,0.149004,0.684688
1,2.2,0.166308,0.146054,0.687639
1,2.4,0.166308,0.143162,0.690531
1,2.6,0.166308,0.140327,0.693365
1,2.8,0.166308,0.137548,0.696144
1,3,0.166308,0.134825,0.698868
1,3.2,0.166308,0.132155,0.701537
1,3.4,0.166308,0.129538,0.704154
1,3.6,0.166308,0.126973,0.706719
1,3.8,0.166308,0.124459,0.709234
1,4,0.166308,0.121994,0.711698
1,4.2,0.166308,0.119579,0.714114
1,4.4,0.166308,0.117211,0.716481
1,4.6,0.166308,0.11489,0.718802
1,4.8,0.166308,0.112615,0.721077
1,5,0.166308,0.110385,0.723307
1,5.2,0.166308,0.108199,0.725493
1,5.4,0.166308,0.106057,0.727636
1,5.6,0.166308,0.103957,0.729736
1,5.8,0.166308,0.101898,0.731794
1,6,0.166308,0.0998806,0.733812
1,6.2,0.166308,0.0979028,0.73579
1,6.4,0.166308,0.0959642,0.737728
1,6.6,0.166308,0.094064,0.739628
1,6.8,0.166308,0.0922014,0.741491
1,7,0.166308,0.0903757,0.743317
1,7.2,0.166308,0.0885861,0.745106
1,7.4,0.166308,0.086832,0.74686
1,7.6,0.166308,0.0851126,0.74858
1,7.8,0.166308,0.0834273,0.750265
1,8,0.166308,0.0817753,0.751917
1,8.2,0.166308,0.0801561,0.753536
1,8.4,0.166308,0.0785689,0.755124
1,8.6,0.166308,0.0770131,0.756679
1,8.8,0.166308,0.0754881,0.758204
1,9,0.166308,0.0739934,0.759699
1,9.2,0.166308,0.0725282,0.761164
1,9.4,0.166308,0.071092,0.7626
1,9.6,0.166308,0.0696843,0.764008
1,9.8,0.166308,0.0683045,0.765388
1,10,0.166308,0.066952,0.76674
1,10.2,0.166308,0.0656262,0.768066
1,10.4,0.166308,0.0643267,0.769366
1,10.6,0.166308,0.063053,0.770639
1,10.8,0.166308,0.0618045,0.771888
1,11,0.166308,0.0605806,0.773112
1,11.2,0.166308,0.0593811,0.774311
1,11.4,0.166308,0.0582052,0.775487
1,11.6,0.166308,0.0570527,0.77664
1,11.8,0.166308,0.055923,0.777769
1,12,0.166308,0.0548156,0.778877
1,12.2,0.166308,0.0537302,0.779962
1,12.4,0.166308,0.0526663,0.781026
1,12.6,0.166308,0.0516234,0.782069
1,12.8,0.166308,0.0506012,0.783091
1,13,0.166308,0.0495992,0.784093
1,13.2,0.166308,0.0486171,0.785075
1,13.4,0.166308,0.0476544,0.786038
1,13.6,0.166308,0.0467108,0.786982
1,13.8,0.166308,0.0457859,0.787907
1,14,0.166308,0.0448792,0.788813
1,14.2,0.166308,0.0439906,0.789702
1,14.4,0.166308,0.0431195,0.790573
1,14.6,0.166308,0.0422657,0.791427
1,14.8,0.166308,0.0414288,0.792264
1,15,0.166308,0.0406084,0.793084
1,15.2,0.166308,0.0398043,0.793888
1,15.4,0.166308,0.0390161,0.794676
1,15.6,0.166308,0.0382436,0.795449
1,15.8,0.166308,0.0374863,0.796206
1,16,0.166308,0.036744,0.796948
1,16.2,0.166308,0.0360164,0.797676
1,16.4,0.166308,0.0353033,0.798389
1,16.6,0.166308,0.0346042,0.799088
1,16.8,0.166308,0.033919,0.799773
1,17,0.166308,0.0332474,0.800445
1,17.2,0.166308,0.032589,0.801103
1,17.4,0.166308,0.0319437,0.801749
1,17.6,0.166308,0.0313112,0.802381
1,17.8,0.166308,0.0306912,0.803001
1,18,0.166308,0.0300835,0.803609
1,18.2,0.166308,0.0294878,0.804205
1,18.4,0.166308,0.0289039,0.804789
1,18.6,0.166308,0.0283315,0.805361
1,18.8,0.166308,0.0277705,0.805922
1,19,0.166308,0.0272206,0.806472
1,19.2,0.166308,0.0266816,0.807011
1,19.4,0.166308,0.0261533,0.807539
1,19.6,0.166308,0.0256354,0.808057
1,19.8,0.166308,0.0251278,0.808565
1,20,0.166308,0.0246303,0.809062
2,0.2,0.247604,0.276826,0.47557
2,0.4,0.247604,0.271344,0.481052
2,0.6,0.247604,0.265971,0.486425
2,0.8,0.247604,0.260705,0.491692
2,1,0.247604,0.255542,0.496854
2,1.2,0.247604,0.250482,0.501914
2,1.4,0.247604,0.245522,0.506874
2,1.6,0.247604,0.240661,0.511735
2,1.8,0.247604,0.235895,0.516501
2,2,0.247604,0.231224,0.521172
2,2.2,0.247604,0.226646,0.52575
2,2.4,0.247604,0.222158,0.530238
2,2.6,0.247604,0.217759,0.534637
2,2.8,0.247604,0.213447,0.538949
2,3,0.247604,0.20922,0.543176
2,3.2,0.247604,0.205077,0.547319
2,3.4,0.247604,0.201017,0.551379
2,3.6,0.247604,0.197036,0.55536
2,3.8,0.247604,0.193135,0.559261
2,4,0.247604,0.18931,0.563086
2,4.2,0.247604,0.185562,0.566834
2,4.4,0.247604,0.181887,0.570509
2,4.6,0.247604,0.178286,0.57411
2,4.8,0.247604,0.174755,0.577641
2,5,0.247604,0.171295,0.581101
2,5.2,0.247604,0.167903,0.584493
2,5.4,0.247604,0.164579,0.587818
2,5.6,0.247604,0.16132,0.591076
2,5.8,0.247604,0.158125,0.594271
2,6,0.247604,0.154994,0.597402
2,6.2,0.247604,0.151925,0.600471
2,6.4,0.247604,0.148917,0.603479
2,6.6,0.247604,0.145968,0.606428
2,6.8,0.247604,0.143078,0.609318
2,7,0.247604,0.140245,0.612152
2,7.2,0.247604,0.137468,0.614929
2,7.4,0.247604,0.134745,0.617651
2,7.6,0.247604,0.132077,0.620319
2,7.8,0.247604,0.129462,0.622934
2,8,0.247604,0.126899,0.625498
2,8.2,0.247604,0.124386,0.62801
2,8.4,0.247604,0.121923,0.630473
2,8.6,0.247604,0.119509,0.632888
2,8.8,0.247604,0.117142,0.635254
2,9,0.247604,0.114823,0.637574
2,9.2,0.247604,0.112549,0.639847
2,9.4,0.247604,0.11032,0.642076
2,9.6,0.247604,0.108136,0.64426
2,9.8,0.247604,0.105995,0.646402
2,10,0.247604,0.103896,0.6485
2,10.2,0.247604,0.101838,0.650558
2,10.4,0.247604,0.0998219,0.652574
2,10.6,0.247604,0.0978453,0.654551
2,10.8,0.247604,0.0959078,0.656488
2,11,0.247604,0.0940087,0.658387
2,11.2,0.247604,0.0921472,0.660249
2,11.4,0.247604,0.0903226,0.662074
2,11.6,0.247604,0.0885341,0.663862
2,11.8,0.247604,0.086781,0.665615
2,12,0.247604,0.0850626,0.667333
2,12.2,0.247604,0.0833783,0.669018
2,12.4,0.247604,0.0817273,0.670669
2,12.6,0.247604,0.080109,0.672287
2,12.8,0.247604,0.0785227,0.673873
2,13,0.247604,0.0769678,0.675428
2,13.2,0.247604,0.0754438,0.676952
2,13.4,0.247604,0.0739499,0.678446
2,13.6,0.247604,0.0724856,0.679911
2,13.8,0.247604,0.0710503,0.681346
2,14,0.247604,0.0696434,0.682753
2,14.2,0.247604,0.0682644,0.684132
2,14.4,0.247604,0.0669126,0.685483
2,14.6,0.247604,0.0655877,0.686808
2,14.8,0.247604,0.064289,0.688107
2,15,0.247604,0.0630159,0.68938
2,15.2,0.247604,0.0617681,0.690628
2,15.4,0.247604,0.0605451,0.691851
2,15.6,0.247604,0.0593462,0.69305
2,15.8,0.247604,0.058171,0.694225
2,16,0.247604,0.0570192,0.695377
2,16.2,0.247604,0.0558901,0.696506
2,16.4,0.247604,0.0547834,0.697613
2,16.6,0.247604,0.0536986,0.698697
2,16.8,0.247604,0.0526353,0.699761
2,17,0.247604,0.0515931,0.700803
2,17.2,0.247604,0.0505715,0.701825
2,17.4,0.247604,0.0495701,0.702826
2,17.6,0.247604,0.0485885,0.703808
2,17.8,0.247604,0.0476264,0.70477
2,18,0.247604,0.0466834,0.705713
2,18.2,0.247604,0.045759,0.706637
2,18.4,0.247604,0.0448529,0.707543
2,18.6,0.247604,0.0439647,0.708431
2,18.8,0.247604,0.0430942,0.709302
2,19,0.247604,0.0422409,0.710155
2,19.2,0.247604,0.0414044,0.710992
2,19.4,0.247604,0.0405846,0.711812
2,19.6,0.247604,0.0397809,0.712615
2,19.8,0.247604,0.0389932,0.713403
2,20,0.247604,0.0382211,0.714175
3,0.2,0.211807,0.478459,0.309734
3,0.4,0.211807,0.468985,0.319208
3,0.6,0.211807,0.459698,0.328495
3,0.8,0.211807,0.450596,0.337597
3,1,0.211807,0.441673,0.34652
3,1.2,0.211807,0.432927,0.355265
3,1.4,0.211807,0.424355,0.363838
3,1.6,0.211807,0.415952,0.372241
3,1.8,0.211807,0.407716,0.380477
3,2,0.211807,0.399642,0.388551
3,2.2,0.211807,0.391729,0.396464
3,2.4,0.211807,0.383972,0.404221
3,2.6,0.211807,0.376369,0.411824
3,2.8,0.211807,0.368916,0.419277
3,3,0.211807,0.361611,0.426582
3,3.2,0.211807,0.354451,0.433742
3,3.4,0.211807,0.347432,0.440761
3,3.6,0.211807,0.340553,0.44764
3,3.8,0.211807,0.333809,0.454384
3,4,0.211807,0.3272,0.460993
3,4.2,0.211807,0.320721,0.467472
3,4.4,0.211807,0.31437,0.473823
3,4.6,0.211807,0.308145,0.480048
3,4.8,0.211807,0.302043,0.48615
3,5,0.211807,0.296062,0.492131
3,5.2,0.211807,0.2902,0.497993
3,5.4,0.211807,0.284454,0.503739
3,5.6,0.211807,0.278821,0.509372
3,5.8,0.211807,0.2733,0.514893
3,6,0.211807,0.267888,0.520305
3,6.2,0.211807,0.262584,0.525609
3,6.4,0.211807,0.257384,0.530809
3,6.6,0.211807,0.252288,0.535905
3,6.8,0.211807,0.247292,0.540901
3,7,0.211807,0.242395,0.545798
3,7.2,0.211807,0.237596,0.550597
3,7.4,0.211807,0.232891,0.555302
3,7.6,0.211807,0.228279,0.559914
3,7.8,0.211807,0.223759,0.564434
3,8,0.211807,0.219328,0.568865
3,8.2,0.211807,0.214985,0.573208
3,8.4,0.211807,0.210728,0.577465
3,8.6,0.211807,0.206556,0.581637
3,8.8,0.211807,0.202466,0.585727
3,9,0.211807,0.198457,0.589736
3,9.2,0.211807,0.194527,0.593666
3,9.4,0.211807,0.190675,0.597518
3,9.6,0.211807,0.186899,0.601294
3,9.8,0.211807,0.183198,0.604994
3,10,0.211807,0.179571,0.608622
3,10.2,0.211807,0.176015,0.612178
3,10.4,0.211807,0.17253,0.615663
3,10.6,0.211807,0.169114,0.619079
3,10.8,0.211807,0.165765,0.622428
3,11,0.211807,0.162482,0.62571
3,11.2,0.211807,0.159265,0.628928
3,11.4,0.211807,0.156111,0.632081
3,11.6,0.211807,0.15302,0.635173
3,11.8,0.211807,0.14999,0.638203
3,12,0.211807,0.14702,0.641173
3,12.2,0.211807,0.144109,0.644084
3,12.4,0.211807,0.141255,0.646937
3,12.6,0.211807,0.138458,0.649735
3,12.8,0.211807,0.135717,0.652476
3,13,0.211807,0.133029,0.655164
3,13.2,0.211807,0.130395,0.657798
3,13.4,0.211807,0.127813,0.66038
3,13.6,0.211807,0.125282,0.662911
3,13.8,0.211807,0.122802,0.665391
3,14,0.211807,0.12037,0.667823
3,14.2,0.211807,0.117986,0.670206
3,14.4,0.211807,0.11565,0.672543
3,14.6,0.211807,0.11336,0.674833
3,14.8,0.211807,0.111115,0.677077
3,15,0.211807,0.108915,0.679278
3,15.2,0.211807,0.106759,0.681434
3,15.4,0.211807,0.104645,0.683548
3,15.6,0.211807,0.102573,0.68562
3,15.8,0.211807,0.100541,0.687651
3,16,0.211807,0.0985506,0.689642
3,16.2,0.211807,0.0965992,0.691594
3,16.4,0.211807,0.0946864,0.693507
3,16.6,0.211807,0.0928115,0.695381
3,16.8,0.211807,0.0909737,0.697219
3,17,0.211807,0.0891723,0.699021
3,17.2,0.211807,0.0874065,0.700786
3,17.4,0.211807,0.0856758,0.702517
3,17.6,0.211807,0.0839793,0.704214
3,17.8,0.211807,0.0823164,0.705877
3,18,0.211807,0.0806864,0.707507
3,18.2,0.211807,0.0790887,0.709104
3,18.4,0.211807,0.0775227,0.71067
3,18.6,0.211807,0.0759876,0.712205
3,18.8,0.211807,0.0744829,0.71371
3,19,0.211807,0.0730081,0.715185
3,19.2,0.211807,0.0715624,0.716631
3,19.4,0.211807,0.0701454,0.718048
3,19.6,0.211807,0.0687564,0.719437
3,19.8,0.211807,0.067395,0.720798
3,20,0.211807,0.0660604,0.722132
