Process,Time,S,I,R
0,0,0.508484,0.244229,0.247287
0,0.1,0.50837,0.241912,0.249718
0,0.2,0.50826,0.239615,0.252125
0,0.3,0.508153,0.237337,0.25451
0,0.4,0.508049,0.235079,0.256872
0,0.5,0.507949,0.23284,0.259212
0,0.6,0.507851,0.23062,0.261529
0,0.7,0.507757,0.228419,0.263824
0,0.8,0.507665,0.226238,0.266097
0,0.9,0.507576,0.224075,0.268349
0,1,0.50749,0.221931,0.270579
0,1.1,0.507406,0.219806,0.272788
0,1.2,0.507325,0.2177,0.274975
0,1.3,0.507246,0.215613,0.277142
0,1.4,0.507169,0.213544,0.279287
0,1.5,0.507094,0.211493,0.281413
0,1.6,0.507022,0.209461,0.283517
0,1.7,0.506951,0.207447,0.285602
0,1.8,0.506883,0.205451,0.287666
0,1.9,0.506816,0.203473,0.289711
0,2,0.506752,0.201513,0.291736
0,2.1,0.506688,0.19957,0.293741
0,2.2,0.506627,0.197645,0.295727
0,2.3,0.506567,0.195738,0.297694
0,2.4,0.506509,0.193848,0.299642
0,2.5,0.506453,0.191976,0.301571
0,2.6,0.506398,0.19012,0.303482
0,2.7,0.506344,0.188282,0.305374
0,2.8,0.506292,0.186461,0.307247
0,2.9,0.506241,0.184656,0.309103
0,3,0.506191,0.182868,0.310941
0,3.1,0.506143,0.181097,0.31276
0,3.2,0.506096,0.179342,0.314563
0,3.3,0.50605,0.177603,0.316347
0,3.4,0.506005,0.175881,0.318115
0,3.5,0.505961,0.174174,0.319865
0,3.6,0.505918,0.172483,0.321598
0,3.7,0.505877,0.170809,0.323315
0,3.8,0.505836,0.16915,0.325014
0,3.9,0.505796,0.167506,0.326698
0,4,0.505757,0.165878,0.328365
0,4.1,0.505719,0.164265,0.330015
0,4.2,0.505682,0.162667,0.33165
0,4.3,0.505646,0.161085,0.333269
0,4.4,0.505611,0.159517,0.334872
0,4.5,0.505577,0.157964,0.336459
0,4.6,0.505543,0.156426,0.338031
0,4.7,0.50551,0.154902,0.339588
0,4.8,0.505478,0.153393,0.341129
0,4.9,0.505446,0.151898,0.342656
0,5,0.505415,0.150418,0.344167
0,5.1,0.505385,0.148951,0.345664
0,5.2,0.505355,0.147498,0.347146
0,5.3,0.505327,0.146059,0.348614
0,5.4,0.505298,0.144634,0.350068
0,5.5,0.505271,0.143223,0.351507
0,5.6,0.505244,0.141824,0.352932
0,5.7,0.505217,0.14044,0.354343
0,5.8,0.505191,0.139068,0.355741
0,5.9,0.505166,0.13771,0.357125
0,6,0.505141,0.136364,0.358495
0,6.1,0.505116,0.135032,0.359852
0,6.2,0.505092,0.133712,0.361196
0,6.3,0.505069,0.132405,0.362526
0,6.4,0.505046,0.13111,0.363844
0,6.5,0.505023,0.129828,0.365149
0,6.6,0.505001,0.128558,0.36644
0,6.7,0.50498,0.1273,0.36772
0,6.8,0.504959,0.126055,0.368987
0,6.9,0.504938,0.124821,0.370241
0,7,0.504917,0.1236,0.371483
0,7.1,0.504897,0.12239,0.372713
0,7.2,0.504878,0.121192,0.373931
0,7.3,0.504858,0.120005,0.375137
0,7.4,0.504839,0.11883,0.376331
0,7.5,0.504821,0.117666,0.377513
0,7.6,0.504803,0.116513,0.378684
0,7.7,0.504785,0.115372,0.379844
0,7.8,0.504767,0.114241,0.380992
0,7.9,0.50475,0.113121,0.382129
0,8,0.504733,0.112013,0.383254
0,8.1,0.504716,0.110915,0.384369
0,8.2,0.5047,0.109827,0.385473
0,8.3,0.504684,0.108751,0.386565
0,8.4,0.504668,0.107684,0.387648
0,8.5,0.504653,0.106628,0.388719
0,8.6,0.504637,0.105582,0.38978
0,8.7,0.504622,0.104547,0.390831
0,8.8,0.504608,0.103521,0.391871
0,8.9,0.504593,0.102505,0.392901
0,9,0.504579,0.1015,0.393921
0,9.1,0.504565,0.100504,0.394931
0,9.2,0.504551,0.0995172,0.395931
0,9.3,0.504538,0.0985404,0.396922
0,9.4,0.504525,0.0975732,0.397902
0,9.5,0.504511,0.0966153,0.398873
0,9.6,0.504499,0.0956667,0.399835
0,9.7,0.504486,0.0947274,0.400787
0,9.8,0.504474,0.0937973,0.401729
0,9.9,0.504461,0.0928761,0.402663
0,10,0.504449,0.091964,0.403587
0,10.1,0.504437,0.0910607,0.404502
0,10.2,0.504426,0.0901663,0.405408
0,10.3,0.504414,0.0892805,0.406305
0,10.4,0.504403,0.0884034,0.407194
0,10.5,0.504392,0.0875349,0.408073
0,10.6,0.504381,0.0866748,0.408944
0,10.7,0.50437,0.0858231,0.409807
0,10.8,0.504359,0.0849797,0.410661
0,10.9,0.504349,0.0841445,0.411506
0,11,0.504339,0.0833175,0.412344
0,11.1,0.504329,0.0824986,0.413173
0,11.2,0.504319,0.0816877,0.413994
0,11.3,0.504309,0.0808846,0.414807
0,11.4,0.504299,0.0800895,0.415611
0,11.5,0.504289,0.0793021,0.416408
0,11.6,0.50428,0.0785224,0.417198
0,11.7,0.504271,0.0777503,0.417979
0,11.8,0.504262,0.0769857,0.418753
0,11.9,0.504253,0.0762287,0.419519
0,12,0.504244,0.075479,0.420277
0,12.1,0.504235,0.0747367,0.421028
0,12.2,0.504226,0.0740016,0.421772
0,12.3,0.504218,0.0732738,0.422508
0,12.4,0.50421,0.072553,0.423237
0,12.5,0.504201,0.0718393,0.423959
0,12.6,0.504193,0.0711326,0.424674
0,12.7,0.504185,0.0704328,0.425382
0,12.8,0.504177,0.0697399,0.426083
0,12.9,0.504169,0.0690537,0.426777
0,13,0.504162,0.0683743,0.427464
0,13.1,0.504154,0.0677015,0.428144
0,13.2,0.504147,0.0670353,0.428818
0,13.3,0.504139,0.0663756,0.429485
0,13.4,0.504132,0.0657224,0.430146
0,13.5,0.504125,0.0650756,0.4308
0,13.6,0.504118,0.0644352,0.431447
0,13.7,0.504111,0.063801,0.432088
0,13.8,0.504104,0.063173,0.432723
0,13.9,0.504097,0.0625512,0.433352
0,14,0.50409,0.0619355,0.433974
0,14.1,0.504084,0.0613258,0.434591
0,14.2,0.504077,0.0607221,0.435201
0,14.3,0.504071,0.0601243,0.435805
0,14.4,0.504064,0.0595324,0.436403
0,14.5,0.504058,0.0589463,0.436996
0,14.6,0.504052,0.058366,0.437582
0,14.7,0.504046,0.0577913,0.438163
0,14.8,0.50404,0.0572223,0.438738
0,14.9,0.504034,0.0566589,0.439307
0,15,0.504028,0.056101,0.439871
0,15.1,0.504022,0.0555485,0.44043
0,15.2,0.504016,0.0550015,0.440982
0,15.3,0.504011,0.0544599,0.44153
0,15.4,0.504005,0.0539236,0.442071
0,15.5,0.503999,0.0533925,0.442608
0,15.6,0.503994,0.0528667,0.443139
0,15.7,0.503989,0.052346,0.443665
0,15.8,0.503983,0.0518305,0.444186
0,15.9,0.503978,0.05132,0.444702
0,16,0.503973,0.0508145,0.445213
0,16.1,0.503968,0.050314,0.445718
0,16.2,0.503963,0.0498184,0.446219
0,16.3,0.503958,0.0493277,0.446715
0,16.4,0.503953,0.0488418,0.447206
0,16.5,0.503948,0.0483607,0.447692
0,16.6,0.503943,0.0478843,0.448173
0,16.7,0.503938,0.0474126,0.448649
0,16.8,0.503933,0.0469455,0.449121
0,16.9,0.503929,0.046483,0.449588
0,17,0.503924,0.0460251,0.450051
0,17.1,0.50392,0.0455716,0.450509
0,17.2,0.503915,0.0451227,0.450962
0,17.3,0.503911,0.0446781,0.451411
0,17.4,0.503906,0.0442379,0.451856
0,17.5,0.503902,0.043802,0.452296
0,17.6,0.503898,0.0433705,0.452732
0,17.7,0.503893,0.0429431,0.453163
0,17.8,0.503889,0.04252,0.453591
0,17.9,0.503885,0.042101,0.454014
0,18,0.503881,0.0416862,0.454433
0,18.1,0.503877,0.0412754,0.454848
0,18.2,0.503873,0.0408687,0.455258
0,18.3,0.503869,0.040466,0.455665
0,18.4,0.503865,0.0400672,0.456068
0,18.5,0.503861,0.0396724,0.456466
0,18.6,0.503858,0.0392814,0.456861
0,18.7,0.503854,0.0388943,0.457252
0,18.8,0.50385,0.038511,0.457639
0,18.9,0.503846,0.0381315,0.458022
0,19,0.503843,0.0377557,0.458402
0,19.1,0.503839,0.0373836,0.458777
0,19.2,0.503836,0.0370152,0.459149
0,19.3,0.503832,0.0366504,0.459518
0,19.4,0.503829,0.0362891,0.459882
0,19.5,0.503825,0.0359315,0.460243
0,19.6,0.503822,0.0355773,0.460601
0,19.7,0.503818,0.0352267,0.460955
0,19.8,0.503815,0.0348795,0.461305
0,19.9,0.503812,0.0345357,0.461653
0,20,0.503808,0.0341953,0.461996
0,20.1,0.503805,0.0338583,0.462336
0,20.2,0.503802,0.0335245,0.462673
0,20.3,0.503799,0.0331941,0.463007
0,20.4,0.503796,0.0328669,0.463337
0,20.5,0.503793,0.0325429,0.463664
0,20.6,0.50379,0.0322222,0.463988
0,20.7,0.503787,0.0319046,0.464309
0,20.8,0.503784,0.0315901,0.464626
0,20.9,0.503781,0.0312787,0.464941
0,21,0.503778,0.0309704,0.465252
0,21.1,0.503775,0.0306651,0.46556
0,21.2,0.503772,0.0303628,0.465865
0,21.3,0.503769,0.0300635,0.466167
0,21.4,0.503766,0.0297671,0.466466
0,21.5,0.503764,0.0294737,0.466763
0,21.6,0.503761,0.0291831,0.467056
0,21.7,0.503758,0.0288955,0.467346
0,21.8,0.503756,0.0286106,0.467634
0,21.9,0.503753,0.0283286,0.467919
0,22,0.50375,0.0280493,0.4682
0,22.1,0.503748,0.0277728,0.468479
0,22.2,0.503745,0.027499,0.468756
0,22.3,0.503743,0.0272279,0.469029
0,22.4,0.50374,0.0269595,0.4693
0,22.5,0.503738,0.0266937,0.469569
0,22.6,0.503735,0.0264306,0.469834
0,22.7,0.503733,0.02617,0.470097
0,22.8,0.50373,0.025912,0.470358
0,22.9,0.503728,0.0256565,0.470616
0,23,0.503726,0.0254036,0.470871
0,23.1,0.503723,0.0251532,0.471124
0,23.2,0.503721,0.0249052,0.471374
0,23.3,0.503719,0.0246597,0.471622
0,23.4,0.503716,0.0244165,0.471867
0,23.5,0.503714,0.0241758,0.47211
0,23.6,0.503712,0.0239375,0.472351
0,23.7,0.50371,0.0237015,0.472589
0,23.8,0.503708,0.0234678,0.472825
0,23.9,0.503705,0.0232364,0.473058
0,24,0.503703,0.0230074,0.473289
0,24.1,0.503701,0.0227805,0.473518
0,24.2,0.503699,0.0225559,0.473745
0,24.3,0.503697,0.0223336,0.473969
0,24.4,0.503695,0.0221134,0.474192
0,24.5,0.503693,0.0218953,0.474412
0,24.6,0.503691,0.0216795,0.47463
0,24.7,0.503689,0.0214657,0.474845
0,24.8,0.503687,0.0212541,0.475059
0,24.9,0.503685,0.0210446,0.47527
0,25,0.503683,0.0208371,0.47548
0,25.1,0.503681,0.0206316,0.475687
0,25.2,0.503679,0.0204282,0.475892
0,25.3,0.503677,0.0202268,0.476096
0,25.4,0.503676,0.0200274,0.476297
0,25.5,0.503674,0.01983,0.476496
0,25.6,0.503672,0.0196344,0.476694
0,25.7,0.50367,0.0194409,0.476889
0,25.8,0.503668,0.0192492,0.477082
0,25.9,0.503667,0.0190594,0.477274
0,26,0.503665,0.0188715,0.477464
0,26.1,0.503663,0.0186854,0.477651
0,26.2,0.503661,0.0185012,0.477837
0,26.3,0.50366,0.0183188,0.478021
0,26.4,0.503658,0.0181382,0.478204
0,26.5,0.503656,0.0179594,0.478384
0,26.6,0.503655,0.0177823,0.478563
0,26.7,0.503653,0.017607,0.47874
0,26.8,0.503651,0.0174334,0.478915
0,26.9,0.50365,0.0172615,0.479089
0,27,0.503648,0.0170913,0.47926
0,27.1,0.503647,0.0169228,0.47943
0,27.2,0.503645,0.016756,0.479599
0,27.3,0.503644,0.0165908,0.479766
0,27.4,0.503642,0.0164272,0.479931
0,27.5,0.503641,0.0162653,0.480094
0,27.6,0.503639,0.0161049,0.480256
0,27.7,0.503638,0.0159461,0.480416
0,27.8,0.503636,0.0157889,0.480575
0,27.9,0.503635,0.0156333,0.480732
0,28,0.503633,0.0154791,0.480888
0,28.1,0.503632,0.0153265,0.481042
0,28.2,0.503631,0.0151754,0.481194
0,28.3,0.503629,0.0150258,0.481345
0,28.4,0.503628,0.0148777,0.481495
0,28.5,0.503626,0.014731,0.481643
0,28.6,0.503625,0.0145858,0.481789
0,28.7,0.503624,0.014442,0.481934
0,28.8,0.503622,0.0142996,0.482078
0,28.9,0.503621,0.0141586,0.48222
0,29,0.50362,0.014019,0.482361
0,29.1,0.503618,0.0138808,0.482501
0,29.2,0.503617,0.013744,0.482639
0,29.3,0.503616,0.0136085,0.482776
0,29.4,0.503615,0.0134743,0.482911
0,29.5,0.503613,0.0133415,0.483045
0,29.6,0.503612,0.01321,0.483178
0,29.7,0.503611,0.0130797,0.483309
0,29.8,0.50361,0.0129508,0.483439
0,29.9,0.503609,0.0128231,0.483568
0,30,0.503607,0.0126967,0.483696
0,30.1,0.503606,0.0125715,0.483822
0,30.2,0.503605,0.0124476,0.483947
0,30.3,0.503604,0.0123249,0.484071
0,30.4,0.503603,0.0122034,0.484194
0,30.5,0.503602,0.0120831,0.484315
0,30.6,0.5036,0.011964,0.484436
0,30.7,0.503599,0.011846,0.484555
0,30.8,0.503598,0.0117293,0.484672
0,30.9,0.503597,0.0116136,0.484789
0,31,0.503596,0.0114992,0.484905
0,31.1,0.503595,0.0113858,0.485019
0,31.2,0.503594,0.0112736,0.485132
0,31.3,0.503593,0.0111624,0.485245
0,31.4,0.503592,0.0110524,0.485356
0,31.5,0.503591,0.0109435,0.485466
0,31.6,0.50359,0.0108356,0.485575
0,31.7,0.503589,0.0107288,0.485682
0,31.8,0.503588,0.010623,0.485789
0,31.9,0.503587,0.0105183,0.485895
0,32,0.503586,0.0104146,0.486
0,32.1,0.503585,0.010312,0.486103
0,32.2,0.503584,0.0102103,0.486206
0,32.3,0.503583,0.0101097,0.486307
0,32.4,0.503582,0.01001,0.486408
0,32.5,0.503581,0.00991135,0.486508
0,32.6,0.50358,0.00981366,0.486606
0,32.7,0.503579,0.00971693,0.486704
0,32.8,0.503578,0.00962115,0.486801
0,32.9,0.503577,0.00952632,0.486896
0,33,0.503577,0.00943242,0.486991
0,33.1,0.503576,0.00933945,0.487085
0,33.2,0.503575,0.0092474,0.487178
0,33.3,0.503574,0.00915625,0.48727
0,33.4,0.503573,0.00906601,0.487361
0,33.5,0.503572,0.00897665,0.487451
0,33.6,0.503571,0.00888818,0.487541
0,33.7,0.50357,0.00880058,0.487629
0,33.8,0.50357,0.00871384,0.487717
0,33.9,0.503569,0.00862795,0.487803
0,34,0.503568,0.00854292,0.487889
0,34.1,0.503567,0.00845872,0.487974
0,34.2,0.503566,0.00837536,0.488058
0,34.3,0.503566,0.00829281,0.488142
0,34.4,0.503565,0.00821108,0.488224
0,34.5,0.503564,0.00813016,0.488306
0,34.6,0.503563,0.00805003,0.488387
0,34.7,0.503562,0.0079707,0.488467
0,34.8,0.503562,0.00789215,0.488546
0,34.9,0.503561,0.00781437,0.488625
0,35,0.50356,0.00773736,0.488702
0,35.1,0.503559,0.00766111,0.488779
0,35.2,0.503559,0.00758561,0.488856
0,35.3,0.503558,0.00751085,0.488931
0,35.4,0.503557,0.00743684,0.489006
0,35.5,0.503557,0.00736355,0.48908
0,35.6,0.503556,0.00729099,0.489153
0,35.7,0.503555,0.00721914,0.489226
0,35.8,0.503554,0.007148,0.489298
0,35.9,0.503554,0.00707756,0.489369
0,36,0.503553,0.00700782,0.489439
0,36.1,0.503552,0.00693876,0.489509
0,36.2,0.503552,0.00687039,0.489578
0,36.3,0.503551,0.00680269,0.489646
0,36.4,0.50355,0.00673566,0.489714
0,36.5,0.50355,0.00666929,0.489781
0,36.6,0.503549,0.00660357,0.489847
0,36.7,0.503548,0.0065385,0.489913
0,36.8,0.503548,0.00647408,0.489978
0,36.9,0.503547,0.00641029,0.490043
0,37,0.503547,0.00634712,0.490106
0,37.1,0.503546,0.00628458,0.490169
0,37.2,0.503545,0.00622266,0.490232
0,37.3,0.503545,0.00616135,0.490294
0,37.4,0.503544,0.00610064,0.490355
0,37.5,0.503544,0.00604054,0.490416
0,37.6,0.503543,0.00598102,0.490476
0,37.7,0.503542,0.00592209,0.490536
0,37.8,0.503542,0.00586375,0.490594
0,37.9,0.503541,0.00580598,0.490653
0,38,0.503541,0.00574877,0.490711
0,38.1,0.50354,0.00569214,0.490768
0,38.2,0.503539,0.00563606,0.490824
0,38.3,0.503539,0.00558053,0.490881
0,38.4,0.503538,0.00552555,0.490936
0,38.5,0.503538,0.00547112,0.490991
0,38.6,0.503537,0.00541722,0.491045
0,38.7,0.503537,0.00536385,0.491099
0,38.8,0.503536,0.00531101,0.491153
0,38.9,0.503536,0.00525869,0.491206
0,39,0.503535,0.00520689,0.491258
0,39.1,0.503535,0.00515559,0.49131
0,39.2,0.503534,0.00510481,0.491361
0,39.3,0.503534,0.00505452,0.491412
0,39.4,0.503533,0.00500473,0.491462
0,39.5,0.503533,0.00495543,0.491512
0,39.6,0.503532,0.00490662,0.491561
0,39.7,0.503532,0.00485829,0.49161
0,39.8,0.503531,0.00481043,0.491658
0,39.9,0.503531,0.00476305,0.491706
0,40,0.50353,0.00471613,0.491754
0,40.1,0.50353,0.00466968,0.491801
0,40.2,0.503529,0.00462368,0.491847
0,40.3,0.503529,0.00457814,0.491893
0,40.4,0.503528,0.00453305,0.491939
0,40.5,0.503528,0.0044884,0.491984
0,40.6,0.503527,0.00444419,0.492028
0,40.7,0.503527,0.00440042,0.492073
0,40.8,0.503526,0.00435708,0.492116
0,40.9,0.503526,0.00431417,0.49216
0,41,0.503526,0.00427168,0.492203
0,41.1,0.503525,0.00422961,0.492245
0,41.2,0.503525,0.00418795,0.492287
0,41.3,0.503524,0.00414671,0.492329
0,41.4,0.503524,0.00410587,0.49237
0,41.5,0.503523,0.00406544,0.492411
0,41.6,0.503523,0.0040254,0.492452
0,41.7,0.503523,0.00398576,0.492492
0,41.8,0.503522,0.00394651,0.492531
0,41.9,0.503522,0.00390764,0.492571
0,42,0.503521,0.00386916,0.492609
0,42.1,0.503521,0.00383106,0.492648
0,42.2,0.503521,0.00379333,0.492686
0,42.3,0.50352,0.00375598,0.492724
0,42.4,0.50352,0.003719,0.492761
0,42.5,0.503519,0.00368238,0.492798
0,42.6,0.503519,0.00364612,0.492835
0,42.7,0.503519,0.00361021,0.492871
0,42.8,0.503518,0.00357467,0.492907
0,42.9,0.503518,0.00353947,0.492943
0,43,0.503518,0.00350462,0.492978
0,43.1,0.503517,0.00347011,0.493013
0,43.2,0.503517,0.00343594,0.493047
0,43.3,0.503516,0.00340211,0.493081
0,43.4,0.503516,0.00336862,0.493115
0,43.5,0.503516,0.00333545,0.493149
0,43.6,0.503515,0.00330261,0.493182
0,43.7,0.503515,0.0032701,0.493215
0,43.8,0.503515,0.0032379,0.493247
0,43.9,0.503514,0.00320603,0.49328
0,44,0.503514,0.00317446,0.493311
0,44.1,0.503514,0.00314321,0.493343
0,44.2,0.503513,0.00311227,0.493374
0,44.3,0.503513,0.00308163,0.493405
0,44.4,0.503513,0.00305129,0.493436
0,44.5,0.503512,0.00302125,0.493466
0,44.6,0.503512,0.00299151,0.493496
0,44.7,0.503512,0.00296207,0.493526
0,44.8,0.503511,0.00293291,0.493556
0,44.9,0.503511,0.00290404,0.493585
0,45,0.503511,0.00287545,0.493614
0,45.1,0.503511,0.00284715,0.493642
0,45.2,0.50351,0.00281912,0.493671
0,45.3,0.50351,0.00279137,0.493699
0,45.4,0.50351,0.0027639,0.493727
0,45.5,0.503509,0.00273669,0.493754
0,45.6,0.503509,0.00270976,0.493781
0,45.7,0.503509,0.00268309,0.493808
0,45.8,0.503508,0.00265668,0.493835
0,45.9,0.503508,0.00263053,0.493861
0,46,0.503508,0.00260464,0.493888
0,46.1,0.503508,0.00257901,0.493913
0,46.2,0.503507,0.00255363,0.493939
0,46.3,0.503507,0.00252849,0.493965
0,46.4,0.503507,0.00250361,0.49399
0,46.5,0.503506,0.00247897,0.494015
0,46.6,0.503506,0.00245458,0.494039
0,46.7,0.503506,0.00243042,0.494064
0,46.8,0.503506,0.0024065,0.494088
0,46.9,0.503505,0.00238282,0.494112
0,47,0.503505,0.00235937,0.494136
0,47.1,0.503505,0.00233616,0.494159
0,47.2,0.503505,0.00231317,0.494182
0,47.3,0.503504,0.00229041,0.494205
0,47.4,0.503504,0.00226787,0.494228
0,47.5,0.503504,0.00224556,0.494251
0,47.6,0.503504,0.00222346,0.494273
0,47.7,0.503503,0.00220158,0.494295
0,47.8,0.503503,0.00217992,0.494317
0,47.9,0.503503,0.00215847,0.494339
0,48,0.503503,0.00213724,0.49436
0,48.1,0.503502,0.00211621,0.494381
0,48.2,0.503502,0.00209539,0.494402
0,48.3,0.503502,0.00207477,0.494423
0,48.4,0.503502,0.00205436,0.494444
0,48.5,0.503501,0.00203415,0.494464
0,48.6,0.503501,0.00201414,0.494485
0,48.7,0.503501,0.00199432,0.494505
0,48.8,0.503501,0.00197471,0.494525
0,48.9,0.503501,0.00195528,0.494544
0,49,0.5035,0.00193604,0.494564
0,49.1,0.5035,0.001917,0.494583
0,49.2,0.5035,0.00189814,0.494602
0,49.3,0.5035,0.00187947,0.494621
0,49.4,0.503499,0.00186098,0.49464
0,49.5,0.503499,0.00184268,0.494658
0,49.6,0.503499,0.00182455,0.494676
0,49.7,0.503499,0.00180661,0.494695
0,49.8,0.503499,0.00178884,0.494713
0,49.9,0.503498,0.00177124,0.49473
0,50,0.503498,0.00175382,0.494748
0,50.1,0.503498,0.00173657,0.494765
0,50.2,0.503498,0.00171949,0.494783
0,50.3,0.503498,0.00170258,0.4948
0,50.4,0.503497,0.00168584,0.494817
0,50.5,0.503497,0.00166926,0.494834
0,50.6,0.503497,0.00165284,0.49485
0,50.7,0.503497,0.00163659,0.494867
0,50.8,0.503497,0.00162049,0.494883
0,50.9,0.503496,0.00160456,0.494899
0,51,0.503496,0.00158878,0.494915
0,51.1,0.503496,0.00157316,0.494931
0,51.2,0.503496,0.00155769,0.494946
0,51.3,0.503496,0.00154237,0.494962
0,51.4,0.503495,0.0015272,0.494977
0,51.5,0.503495,0.00151219,0.494993
0,51.6,0.503495,0.00149732,0.495008
0,51.7,0.503495,0.0014826,0.495022
0,51.8,0.503495,0.00146802,0.495037
0,51.9,0.503495,0.00145359,0.495052
0,52,0.503494,0.00143929,0.495066
0,52.1,0.503494,0.00142514,0.495081
0,52.2,0.503494,0.00141113,0.495095
0,52.3,0.503494,0.00139726,0.495109
0,52.4,0.503494,0.00138352,0.495123
0,52.5,0.503494,0.00136992,0.495136
0,52.6,0.503493,0.00135645,0.49515
0,52.7,0.503493,0.00134312,0.495164
0,52.8,0.503493,0.00132992,0.495177
0,52.9,0.503493,0.00131684,0.49519
0,53,0.503493,0.0013039,0.495203
0,53.1,0.503493,0.00129108,0.495216
0,53.2,0.503492,0.00127839,0.495229
0,53.3,0.503492,0.00126582,0.495242
0,53.4,0.503492,0.00125338,0.495254
0,53.5,0.503492,0.00124106,0.495267
0,53.6,0.503492,0.00122887,0.495279
0,53.7,0.503492,0.00121679,0.495292
0,53.8,0.503492,0.00120483,0.495304
0,53.9,0.503491,0.00119299,0.495316
0,54,0.503491,0.00118126,0.495327
0,54.1,0.503491,0.00116965,0.495339
0,54.2,0.503491,0.00115816,0.495351
0,54.3,0.503491,0.00114678,0.495362
0,54.4,0.503491,0.00113551,0.495374
0,54.5,0.503491,0.00112435,0.495385
0,54.6,0.50349,0.0011133,0.495396
0,54.7,0.50349,0.00110236,0.495407
0,54.8,0.50349,0.00109153,0.495418
0,54.9,0.50349,0.0010808,0.495429
0,55,0.50349,0.00107018,0.49544
0,55.1,0.50349,0.00105967,0.495451
0,55.2,0.50349,0.00104926,0.495461
0,55.3,0.503489,0.00103895,0.495472
0,55.4,0.503489,0.00102874,0.495482
0,55.5,0.503489,0.00101863,0.495492
0,55.6,0.503489,0.00100862,0.495502
0,55.7,0.503489,0.000998715,0.495512
0,55.8,0.503489,0.000988903,0.495522
0,55.9,0.503489,0.000979188,0.495532
0,56,0.503489,0.000969569,0.495542
0,56.1,0.503488,0.000960044,0.495552
0,56.2,0.503488,0.000950613,0.495561
0,56.3,0.503488,0.000941275,0.495571
0,56.4,0.503488,0.000932029,0.49558
0,56.5,0.503488,0.000922874,0.495589
0,56.6,0.503488,0.000913809,0.495598
0,56.7,0.503488,0.000904833,0.495607
0,56.8,0.503488,0.000895946,0.495616
0,56.9,0.503487,0.000887146,0.495625
0,57,0.503487,0.000878433,0.495634
0,57.1,0.503487,0.000869806,0.495643
0,57.2,0.503487,0.000861263,0.495652
0,57.3,0.503487,0.000852805,0.49566
0,57.4,0.503487,0.000844429,0.495669
0,57.5,0.503487,0.000836137,0.495677
0,57.6,0.503487,0.000827926,0.495685
0,57.7,0.503487,0.000819795,0.495694
0,57.8,0.503486,0.000811745,0.495702
0,57.9,0.503486,0.000803774,0.49571
0,58,0.503486,0.000795882,0.495718
0,58.1,0.503486,0.000788067,0.495726
0,58.2,0.503486,0.000780329,0.495734
0,58.3,0.503486,0.000772667,0.495741
0,58.4,0.503486,0.000765081,0.495749
0,58.5,0.503486,0.000757569,0.495757
0,58.6,0.503486,0.000750131,0.495764
0,58.7,0.503486,0.000742766,0.495772
0,58.8,0.503485,0.000735474,0.495779
0,58.9,0.503485,0.000728254,0.495786
0,59,0.503485,0.000721105,0.495794
0,59.1,0.503485,0.000714026,0.495801
0,59.2,0.503485,0.000707016,0.495808
0,59.3,0.503485,0.000700076,0.495815
0,59.4,0.503485,0.000693204,0.495822
0,59.5,0.503485,0.0006864,0.495829
0,59.6,0.503485,0.000679662,0.495836
0,59.7,0.503485,0.000672991,0.495842
0,59.8,0.503485,0.000666385,0.495849
0,59.9,0.503484,0.000659845,0.495856
0,60,0.503484,0.000653369,0.495862
0,60.1,0.503484,0.000646956,0.495869
0,60.2,0.503484,0.000640607,0.495875
0,60.3,0.503484,0.00063432,0.495882
0,60.4,0.503484,0.000628095,0.495888
0,60.5,0.503484,0.000621931,0.495894
0,60.6,0.503484,0.000615828,0.4959
0,60.7,0.503484,0.000609785,0.495906
0,60.8,0.503484,0.000603802,0.495913
0,60.9,0.503484,0.000597877,0.495919
0,61,0.503483,0.00059201,0.495925
0,61.1,0.503483,0.000586202,0.49593
0,61.2,0.503483,0.00058045,0.495936
0,61.3,0.503483,0.000574755,0.495942
0,61.4,0.503483,0.000569116,0.495948
0,61.5,0.503483,0.000563532,0.495953
0,61.6,0.503483,0.000558004,0.495959
0,61.7,0.503483,0.000552529,0.495965
0,61.8,0.503483,0.000547109,0.49597
0,61.9,0.503483,0.000541742,0.495975
0,62,0.503483,0.000536428,0.495981
0,62.1,0.503483,0.000531166,0.495986
0,62.2,0.503483,0.000525955,0.495992
0,62.3,0.503482,0.000520796,0.495997
0,62.4,0.503482,0.000515688,0.496002
0,62.5,0.503482,0.00051063,0.496007
0,62.6,0.503482,0.000505622,0.496012
0,62.7,0.503482,0.000500663,0.496017
0,62.8,0.503482,0.000495752,0.496022
0,62.9,0.503482,0.00049089,0.496027
0,63,0.503482,0.000486076,0.496032
0,63.1,0.503482,0.000481309,0.496037
0,63.2,0.503482,0.000476589,0.496042
0,63.3,0.503482,0.000471916,0.496046
0,63.4,0.503482,0.000467288,0.496051
0,63.5,0.503482,0.000462706,0.496056
0,63.6,0.503482,0.000458169,0.49606
0,63.7,0.503481,0.000453677,0.496065
0,63.8,0.503481,0.000449229,0.496069
0,63.9,0.503481,0.000444824,0.496074
0,64,0.503481,0.000440463,0.496078
0,64.1,0.503481,0.000436145,0.496083
0,64.2,0.503481,0.000431869,0.496087
0,64.3,0.503481,0.000427635,0.496091
0,64.4,0.503481,0.000423443,0.496096
0,64.5,0.503481,0.000419292,0.4961
0,64.6,0.503481,0.000415182,0.496104
0,64.7,0.503481,0.000411112,0.496108
0,64.8,0.503481,0.000407082,0.496112
0,64.9,0.503481,0.000403092,0.496116
0,65,0.503481,0.000399141,0.49612
0,65.1,0.503481,0.000395229,0.496124
0,65.2,0.503481,0.000391355,0.496128
0,65.3,0.50348,0.00038752,0.496132
0,65.4,0.50348,0.000383722,0.496136
0,65.5,0.50348,0.000379962,0.49614
0,65.6,0.50348,0.000376238,0.496143
0,65.7,0.50348,0.000372551,0.496147
0,65.8,0.50348,0.0003689,0.496151
0,65.9,0.50348,0.000365286,0.496155
0,66,0.50348,0.000361706,0.496158
0,66.1,0.50348,0.000358162,0.496162
0,66.2,0.50348,0.000354653,0.496165
0,66.3,0.50348,0.000351178,0.496169
0,66.4,0.50348,0.000347737,0.496172
0,66.5,0.50348,0.000344331,0.496176
0,66.6,0.50348,0.000340957,0.496179
0,66.7,0.50348,0.000337617,0.496183
0,66.8,0.50348,0.00033431,0.496186
0,66.9,0.50348,0.000331035,0.496189
0,67,0.50348,0.000327792,0.496193
0,67.1,0.503479,0.000324581,0.496196
0,67.2,0.503479,0.000321402,0.496199
0,67.3,0.503479,0.000318254,0.496202
0,67.4,0.503479,0.000315137,0.496206
0,67.5,0.503479,0.00031205,0.496209
0,67.6,0.503479,0.000308994,0.496212
0,67.7,0.503479,0.000305968,0.496215
0,67.8,0.503479,0.000302971,0.496218
0,67.9,0.503479,0.000300005,0.496221
0,68,0.503479,0.000297067,0.496224
0,68.1,0.503479,0.000294158,0.496227
0,68.2,0.503479,0.000291277,0.49623
0,68.3,0.503479,0.000288425,0.496233
0,68.4,0.503479,0.000285601,0.496236
0,68.5,0.503479,0.000282805,0.496238
0,68.6,0.503479,0.000280036,0.496241
0,68.7,0.503479,0.000277294,0.496244
0,68.8,0.503479,0.00027458,0.496247
0,68.9,0.503479,0.000271892,0.496249
0,69,0.503479,0.00026923,0.496252
0,69.1,0.503479,0.000266594,0.496255
0,69.2,0.503479,0.000263985,0.496258
0,69.3,0.503478,0.000261401,0.49626
0,69.4,0.503478,0.000258842,0.496263
0,69.5,0.503478,0.000256309,0.496265
0,69.6,0.503478,0.0002538,0.496268
0,69.7,0.503478,0.000251316,0.49627
0,69.8,0.503478,0.000248856,0.496273
0,69.9,0.503478,0.000246421,0.496275
0,70,0.503478,0.000244009,0.496278
0,70.1,0.503478,0.000241622,0.49628
0,70.2,0.503478,0.000239257,0.496283
0,70.3,0.503478,0.000236916,0.496285
0,70.4,0.503478,0.000234598,0.496287
0,70.5,0.503478,0.000232302,0.49629
0,70.6,0.503478,0.000230029,0.496292
0,70.7,0.503478,0.000227779,0.496294
0,70.8,0.503478,0.00022555,0.496297
0,70.9,0.503478,0.000223344,0.496299
0,71,0.503478,0.000221159,0.496301
0,71.1,0.503478,0.000218995,0.496303
0,71.2,0.503478,0.000216853,0.496305
0,71.3,0.503478,0.000214732,0.496308
0,71.4,0.503478,0.000212632,0.49631
0,71.5,0.503478,0.000210552,0.496312
0,71.6,0.503478,0.000208492,0.496314
0,71.7,0.503478,0.000206453,0.496316
0,71.8,0.503477,0.000204434,0.496318
0,71.9,0.503477,0.000202435,0.49632
0,72,0.503477,0.000200455,0.496322
0,72.1,0.503477,0.000198495,0.496324
0,72.2,0.503477,0.000196554,0.496326
0,72.3,0.503477,0.000194632,0.496328
0,72.4,0.503477,0.000192729,0.49633
0,72.5,0.503477,0.000190844,0.496332
0,72.6,0.503477,0.000188978,0.496334
0,72.7,0.503477,0.000187131,0.496336
0,72.8,0.503477,0.000185301,0.496338
0,72.9,0.503477,0.00018349,0.496339
0,73,0.503477,0.000181696,0.496341
0,73.1,0.503477,0.00017992,0.496343
0,73.2,0.503477,0.000178161,0.496345
0,73.3,0.503477,0.00017642,0.496347
0,73.4,0.503477,0.000174695,0.496348
0,73.5,0.503477,0.000172988,0.49635
0,73.6,0.503477,0.000171297,0.496352
0,73.7,0.503477,0.000169623,0.496354
0,73.8,0.503477,0.000167965,0.496355
0,73.9,0.503477,0.000166324,0.496357
0,74,0.503477,0.000164698,0.496359
0,74.1,0.503477,0.000163089,0.49636
0,74.2,0.503477,0.000161495,0.496362
0,74.3,0.503477,0.000159917,0.496363
0,74.4,0.503477,0.000158355,0.496365
0,74.5,0.503477,0.000156808,0.496367
0,74.6,0.503477,0.000155276,0.496368
0,74.7,0.503477,0.000153759,0.49637
0,74.8,0.503477,0.000152257,0.496371
0,74.9,0.503477,0.000150769,0.496373
0,75,0.503476,0.000149297,0.496374
0,75.1,0.503476,0.000147838,0.496376
0,75.2,0.503476,0.000146394,0.496377
0,75.3,0.503476,0.000144964,0.496379
0,75.4,0.503476,0.000143548,0.49638
0,75.5,0.503476,0.000142146,0.496381
0,75.6,0.503476,0.000140758,0.496383
0,75.7,0.503476,0.000139384,0.496384
0,75.8,0.503476,0.000138023,0.496386
0,75.9,0.503476,0.000136675,0.496387
0,76,0.503476,0.00013534,0.496388
0,76.1,0.503476,0.000134019,0.49639
0,76.2,0.503476,0.00013271,0.496391
0,76.3,0.503476,0.000131415,0.496392
0,76.4,0.503476,0.000130132,0.496394
0,76.5,0.503476,0.000128861,0.496395
0,76.6,0.503476,0.000127603,0.496396
0,76.7,0.503476,0.000126358,0.496398
0,76.8,0.503476,0.000125124,0.496399
0,76.9,0.503476,0.000123903,0.4964
0,77,0.503476,0.000122693,0.496401
0,77.1,0.503476,0.000121496,0.496403
0,77.2,0.503476,0.00012031,0.496404
0,77.3,0.503476,0.000119136,0.496405
0,77.4,0.503476,0.000117973,0.496406
0,77.5,0.503476,0.000116822,0.496407
0,77.6,0.503476,0.000115682,0.496408
0,77.7,0.503476,0.000114553,0.49641
0,77.8,0.503476,0.000113436,0.496411
0,77.9,0.503476,0.000112329,0.496412
0,78,0.503476,0.000111233,0.496413
0,78.1,0.503476,0.000110148,0.496414
0,78.2,0.503476,0.000109073,0.496415
0,78.3,0.503476,0.000108009,0.496416
0,78.4,0.503476,0.000106956,0.496417
0,78.5,0.503476,0.000105912,0.496418
0,78.6,0.503476,0.000104879,0.496419
0,78.7,0.503476,0.000103856,0.496421
0,78.8,0.503476,0.000102843,0.496422
0,78.9,0.503476,0.00010184,0.496423
0,79,0.503476,0.000100847,0.496424
0,79.1,0.503476,9.98638e-05,0.496425
0,79.2,0.503476,9.889e-05,0.496426
0,79.3,0.503475,9.79258e-05,0.496427
0,79.4,0.503475,9.6971e-05,0.496428
0,79.5,0.503475,9.60255e-05,0.496429
0,79.6,0.503475,9.50893e-05,0.496429
0,79.7,0.503475,9.41623e-05,0.49643
0,79.8,0.503475,9.32443e-05,0.496431
0,79.9,0.503475,9.23353e-05,0.496432
0,80,0.503475,9.14353e-05,0.496433
0,80.1,0.503475,9.0544e-05,0.496434
0,80.2,0.503475,8.96615e-05,0.496435
0,80.3,0.503475,8.87876e-05,0.496436
0,80.4,0.503475,8.79223e-05,0.496437
0,80.5,0.503475,8.70654e-05,0.496438
0,80.6,0.503475,8.6217e-05,0.496439
0,80.7,0.503475,8.53768e-05,0.496439
0,80.8,0.503475,8.45449e-05,0.49644
0,80.9,0.503475,8.37211e-05,0.496441
0,81,0.503475,8.29054e-05,0.496442
0,81.1,0.503475,8.20976e-05,0.496443
0,81.2,0.503475,8.12978e-05,0.496444
0,81.3,0.503475,8.05058e-05,0.496444
0,81.4,0.503475,7.97216e-05,0.496445
0,81.5,0.503475,7.8945e-05,0.496446
0,81.6,0.503475,7.8176e-05,0.496447
0,81.7,0.503475,7.74146e-05,0.496448
0,81.8,0.503475,7.66606e-05,0.496448
0,81.9,0.503475,7.5914e-05,0.496449
0,82,0.503475,7.51747e-05,0.49645
0,82.1,0.503475,7.44426e-05,0.496451
0,82.2,0.503475,7.37177e-05,0.496451
0,82.3,0.503475,7.29999e-05,0.496452
0,82.4,0.503475,7.22892e-05,0.496453
0,82.5,0.503475,7.15853e-05,0.496453
0,82.6,0.503475,7.08884e-05,0.496454
0,82.7,0.503475,7.01983e-05,0.496455
0,82.8,0.503475,6.95149e-05,0.496456
0,82.9,0.503475,6.88382e-05,0.496456
0,83,0.503475,6.81681e-05,0.496457
0,83.1,0.503475,6.75046e-05,0.496458
0,83.2,0.503475,6.68476e-05,0.496458
0,83.3,0.503475,6.6197e-05,0.496459
0,83.4,0.503475,6.55528e-05,0.49646
0,83.5,0.503475,6.49149e-05,0.49646
0,83.6,0.503475,6.42832e-05,0.496461
0,83.7,0.503475,6.36577e-05,0.496462
0,83.8,0.503475,6.30383e-05,0.496462
0,83.9,0.503475,6.2425e-05,0.496463
0,84,0.503475,6.18176e-05,0.496463
0,84.1,0.503475,6.12162e-05,0.496464
0,84.2,0.503475,6.06207e-05,0.496465
0,84.3,0.503475,6.0031e-05,0.496465
0,84.4,0.503475,5.94471e-05,0.496466
0,84.5,0.503475,5.88689e-05,0.496466
0,84.6,0.503475,5.82963e-05,0.496467
0,84.7,0.503475,5.77294e-05,0.496468
0,84.8,0.503475,5.7168e-05,0.496468
0,84.9,0.503475,5.6612e-05,0.496469
0,85,0.503475,5.60615e-05,0.496469
0,85.1,0.503475,5.55164e-05,0.49647
0,85.2,0.503475,5.49767e-05,0.49647
0,85.3,0.503475,5.44421e-05,0.496471
0,85.4,0.503475,5.39129e-05,0.496472
0,85.5,0.503475,5.33888e-05,0.496472
0,85.6,0.503475,5.28698e-05,0.496473
0,85.7,0.503474,5.23559e-05,0.496473
0,85.8,0.503474,5.1847e-05,0.496474
0,85.9,0.503474,5.13431e-05,0.496474
0,86,0.503474,5.08441e-05,0.496475
0,86.1,0.503474,5.035e-05,0.496475
0,86.2,0.503474,4.98607e-05,0.496476
0,86.3,0.503474,4.93762e-05,0.496476
0,86.4,0.503474,4.88964e-05,0.496477
0,86.5,0.503474,4.84213e-05,0.496477
0,86.6,0.503474,4.79509e-05,0.496478
0,86.7,0.503474,4.7485e-05,0.496478
0,86.8,0.503474,4.70237e-05,0.496479
0,86.9,0.503474,4.65669e-05,0.496479
0,87,0.503474,4.61146e-05,0.49648
0,87.1,0.503474,4.56667e-05,0.49648
0,87.2,0.503474,4.52232e-05,0.49648
0,87.3,0.503474,4.4784e-05,0.496481
0,87.4,0.503474,4.43491e-05,0.496481
0,87.5,0.503474,4.39184e-05,0.496482
0,87.6,0.503474,4.3492e-05,0.496482
0,87.7,0.503474,4.30697e-05,0.496483
0,87.8,0.503474,4.26515e-05,0.496483
0,87.9,0.503474,4.22374e-05,0.496484
0,88,0.503474,4.18274e-05,0.496484
0,88.1,0.503474,4.14214e-05,0.496484
0,88.2,0.503474,4.10193e-05,0.496485
0,88.3,0.503474,4.06211e-05,0.496485
0,88.4,0.503474,4.02269e-05,0.496486
0,88.5,0.503474,3.98365e-05,0.496486
0,88.6,0.503474,3.94499e-05,0.496486
0,88.7,0.503474,3.90671e-05,0.496487
0,88.8,0.503474,3.8688e-05,0.496487
0,88.9,0.503474,3.83126e-05,0.496488
0,89,0.503474,3.79409e-05,0.496488
0,89.1,0.503474,3.75728e-05,0.496488
0,89.2,0.503474,3.72083e-05,0.496489
0,89.3,0.503474,3.68473e-05,0.496489
0,89.4,0.503474,3.64899e-05,0.496489
0,89.5,0.503474,3.6136e-05,0.49649
0,89.6,0.503474,3.57855e-05,0.49649
0,89.7,0.503474,3.54385e-05,0.49649
0,89.8,0.503474,3.50948e-05,0.496491
0,89.9,0.503474,3.47545e-05,0.496491
0,90,0.503474,3.44175e-05,0.496492
0,90.1,0.503474,3.40838e-05,0.496492
0,90.2,0.503474,3.37533e-05,0.496492
0,90.3,0.503474,3.34261e-05,0.496493
0,90.4,0.503474,3.31021e-05,0.496493
0,90.5,0.503474,3.27812e-05,0.496493
0,90.6,0.503474,3.24634e-05,0.496494
0,90.7,0.503474,3.21488e-05,0.496494
0,90.8,0.503474,3.18372e-05,0.496494
0,90.9,0.503474,3.15287e-05,0.496495
0,91,0.503474,3.12232e-05,0.496495
0,91.1,0.503474,3.09206e-05,0.496495
0,91.2,0.503474,3.0621e-05,0.496495
0,91.3,0.503474,3.03243e-05,0.496496
0,91.4,0.503474,3.00306e-05,0.496496
0,91.5,0.503474,2.97396e-05,0.496496
0,91.6,0.503474,2.94516e-05,0.496497
0,91.7,0.503474,2.91663e-05,0.496497
0,91.8,0.503474,2.88838e-05,0.496497
0,91.9,0.503474,2.86041e-05,0.496498
0,92,0.503474,2.8327e-05,0.496498
0,92.1,0.503474,2.80527e-05,0.496498
0,92.2,0.503474,2.77811e-05,0.496498
0,92.3,0.503474,2.75121e-05,0.496499
0,92.4,0.503474,2.72457e-05,0.496499
0,92.5,0.503474,2.6982e-05,0.496499
0,92.6,0.503474,2.67208e-05,0.496499
0,92.7,0.503474,2.64621e-05,0.4965
0,92.8,0.503474,2.6206e-05,0.4965
0,92.9,0.503474,2.59523e-05,0.4965
0,93,0.503474,2.57012e-05,0.4965
0,93.1,0.503474,2.54525e-05,0.496501
0,93.2,0.503474,2.52062e-05,0.496501
0,93.3,0.503474,2.49623e-05,0.496501
0,93.4,0.503474,2.47207e-05,0.496501
0,93.5,0.503474,2.44816e-05,0.496502
0,93.6,0.503474,2.42447e-05,0.496502
0,93.7,0.503474,2.40102e-05,0.496502
0,93.8,0.503474,2.3778e-05,0.496502
0,93.9,0.503474,2.3548e-05,0.496503
0,94,0.503474,2.33202e-05,0.496503
0,94.1,0.503474,2.30947e-05,0.496503
0,94.2,0.503474,2.28714e-05,0.496503
0,94.3,0.503474,2.26502e-05,0.496504
0,94.4,0.503474,2.24312e-05,0.496504
0,94.5,0.503474,2.22144e-05,0.496504
0,94.6,0.503474,2.19996e-05,0.496504
0,94.7,0.503474,2.17869e-05,0.496505
0,94.8,0.503474,2.15763e-05,0.496505
0,94.9,0.503474,2.13678e-05,0.496505
0,95,0.503474,2.11613e-05,0.496505
0,95.1,0.503474,2.09568e-05,0.496505
0,95.2,0.503474,2.07543e-05,0.496506
0,95.3,0.503474,2.05537e-05,0.496506
0,95.4,0.503474,2.03551e-05,0.496506
0,95.5,0.503474,2.01585e-05,0.496506
0,95.6,0.503474,1.99637e-05,0.496506
0,95.7,0.503474,1.97709e-05,0.496507
0,95.8,0.503474,1.95799e-05,0.496507
0,95.9,0.503474,1.93908e-05,0.496507
0,96,0.503474,1.92035e-05,0.496507
0,96.1,0.503474,1.9018e-05,0.496507
0,96.2,0.503474,1.88344e-05,0.496508
0,96.3,0.503474,1.86525e-05,0.496508
0,96.4,0.503474,1.84724e-05,0.496508
0,96.5,0.503474,1.82941e-05,0.496508
0,96.6,0.503474,1.81175e-05,0.496508
0,96.7,0.503474,1.79426e-05,0.496508
0,96.8,0.503474,1.77694e-05,0.496509
0,96.9,0.503474,1.75979e-05,0.496509
0,97,0.503474,1.74281e-05,0.496509
0,97.1,0.503474,1.72599e-05,0.496509
0,97.2,0.503474,1.70934e-05,0.496509
0,97.3,0.503474,1.69284e-05,0.49651
0,97.4,0.503474,1.67651e-05,0.49651
0,97.5,0.503474,1.66034e-05,0.49651
0,97.6,0.503474,1.64432e-05,0.49651
0,97.7,0.503474,1.62846e-05,0.49651
0,97.8,0.503474,1.61275e-05,0.49651
0,97.9,0.503474,1.5972e-05,0.496511
0,98,0.503474,1.5818e-05,0.496511
0,98.1,0.503474,1.56654e-05,0.496511
0,98.2,0.503474,1.55144e-05,0.496511
0,98.3,0.503473,1.53648e-05,0.496511
0,98.4,0.503473,1.52167e-05,0.496511
0,98.5,0.503473,1.507e-05,0.496511
0,98.6,0.503473,1.49247e-05,0.496512
0,98.7,0.503473,1.47809e-05,0.496512
0,98.8,0.503473,1.46384e-05,0.496512
0,98.9,0.503473,1.44973e-05,0.496512
0,99,0.503473,1.43576e-05,0.496512
0,99.1,0.503473,1.42193e-05,0.496512
0,99.2,0.503473,1.40823e-05,0.496512
0,99.3,0.503473,1.39466e-05,0.496513
0,99.4,0.503473,1.38123e-05,0.496513
0,99.5,0.503473,1.36792e-05,0.496513
0,99.6,0.503473,1.35475e-05,0.496513
0,99.7,0.503473,1.3417e-05,0.496513
0,99.8,0.503473,1.32878e-05,0.496513
0,99.9,0.503473,1.31599e-05,0.496513
1,0,0.144682,0.359586,0.495732
1,0.1,0.144621,0.356068,0.499311
1,0.2,0.144562,0.352584,0.502854
1,0.3,0.144504,0.349133,0.506363
1,0.4,0.144449,0.345715,0.509837
1,0.5,0.144395,0.342329,0.513277
1,0.6,0.144342,0.338975,0.516683
1,0.7,0.144291,0.335653,0.520057
1,0.8,0.144241,0.332363,0.523397
1,0.9,0.144192,0.329104,0.526704
1,1,0.144145,0.325876,0.529979
1,1.1,0.144099,0.32268,0.533222
1,1.2,0.144054,0.319514,0.536432
1,1.3,0.14401,0.316378,0.539612
1,1.4,0.143968,0.313272,0.54276
1,1.5,0.143926,0.310196,0.545877
1,1.6,0.143886,0.30715,0.548964
1,1.7,0.143847,0.304133,0.552021
1,1.8,0.143808,0.301145,0.555047
1,1.9,0.143771,0.298185,0.558044
1,2,0.143735,0.295255,0.561011
1,2.1,0.143699,0.292352,0.563949
1,2.2,0.143664,0.289478,0.566858
1,2.3,0.14363,0.286631,0.569738
1,2.4,0.143597,0.283812,0.572591
1,2.5,0.143565,0.28102,0.575415
1,2.6,0.143534,0.278255,0.578211
1,2.7,0.143503,0.275517,0.58098
1,2.8,0.143473,0.272805,0.583721
1,2.9,0.143444,0.27012,0.586436
1,3,0.143415,0.267461,0.589124
1,3.1,0.143387,0.264827,0.591785
1,3.2,0.14336,0.26222,0.594421
1,3.3,0.143333,0.259637,0.59703
1,3.4,0.143307,0.257079,0.599613
1,3.5,0.143282,0.254547,0.602172
1,3.6,0.143257,0.252039,0.604704
1,3.7,0.143232,0.249555,0.607212
1,3.8,0.143208,0.247096,0.609696
1,3.9,0.143185,0.24466,0.612154
1,4,0.143162,0.242249,0.614589
1,4.1,0.14314,0.239861,0.616999
1,4.2,0.143118,0.237496,0.619386
1,4.3,0.143097,0.235154,0.621749
1,4.4,0.143076,0.232835,0.624089
1,4.5,0.143055,0.230538,0.626406
1,4.6,0.143035,0.228264,0.6287
1,4.7,0.143016,0.226013,0.630972
1,4.8,0.142997,0.223783,0.633221
1,4.9,0.142978,0.221575,0.635447
1,5,0.142959,0.219389,0.637652
1,5.1,0.142941,0.217224,0.639835
1,5.2,0.142924,0.21508,0.641997
1,5.3,0.142906,0.212957,0.644137
1,5.4,0.142889,0.210855,0.646256
1,5.5,0.142873,0.208773,0.648354
1,5.6,0.142856,0.206712,0.650431
1,5.7,0.14284,0.204671,0.652488
1,5.8,0.142825,0.20265,0.654525
1,5.9,0.142809,0.200649,0.656541
1,6,0.142794,0.198668,0.658538
1,6.1,0.142779,0.196706,0.660515
1,6.2,0.142765,0.194763,0.662472
1,6.3,0.142751,0.192839,0.66441
1,6.4,0.142737,0.190934,0.666329
1,6.5,0.142723,0.189048,0.668229
1,6.6,0.14271,0.18718,0.67011
1,6.7,0.142697,0.185331,0.671972
1,6.8,0.142684,0.1835,0.673817
1,6.9,0.142671,0.181687,0.675643
1,7,0.142658,0.179891,0.67745
1,7.1,0.142646,0.178113,0.67924
1,7.2,0.142634,0.176353,0.681013
1,7.3,0.142622,0.17461,0.682768
1,7.4,0.142611,0.172884,0.684505
1,7.5,0.142599,0.171175,0.686225
1,7.6,0.142588,0.169483,0.687929
1,7.7,0.142577,0.167808,0.689615
1,7.8,0.142567,0.166149,0.691285
1,7.9,0.142556,0.164506,0.692938
1,8,0.142546,0.16288,0.694575
1,8.1,0.142535,0.161269,0.696196
1,8.2,0.142525,0.159674,0.6978
1,8.3,0.142515,0.158095,0.699389
1,8.4,0.142506,0.156532,0.700962
1,8.5,0.142496,0.154984,0.70252
1,8.6,0.142487,0.153451,0.704062
1,8.7,0.142478,0.151933,0.705589
1,8.8,0.142468,0.150431,0.707101
1,8.9,0.14246,0.148943,0.708598
1,9,0.142451,0.147469,0.71008
1,9.1,0.142442,0.146011,0.711547
1,9.2,0.142434,0.144566,0.713
1,9.3,0.142425,0.143136,0.714438
1,9.4,0.142417,0.14172,0.715863
1,9.5,0.142409,0.140318,0.717273
1,9.6,0.142401,0.13893,0.718669
1,9.7,0.142393,0.137555,0.720052
1,9.8,0.142386,0.136194,0.72142
1,9.9,0.142378,0.134846,0.722775
1,10,0.142371,0.133512,0.724117
1,10.1,0.142363,0.132191,0.725446
1,10.2,0.142356,0.130883,0.726761
1,10.3,0.142349,0.129587,0.728063
1,10.4,0.142342,0.128305,0.729353
1,10.5,0.142335,0.127035,0.73063
1,10.6,0.142329,0.125778,0.731894
1,10.7,0.142322,0.124533,0.733145
1,10.8,0.142315,0.1233,0.734384
1,10.9,0.142309,0.12208,0.735611
1,11,0.142303,0.120871,0.736826
1,11.1,0.142296,0.119675,0.738029
1,11.2,0.14229,0.11849,0.73922
1,11.3,0.142284,0.117317,0.740399
1,11.4,0.142278,0.116156,0.741566
1,11.5,0.142272,0.115006,0.742722
1,11.6,0.142266,0.113867,0.743866
1,11.7,0.142261,0.11274,0.744999
1,11.8,0.142255,0.111624,0.746121
1,11.9,0.14225,0.110519,0.747232
1,12,0.142244,0.109425,0.748331
1,12.1,0.142239,0.108341,0.74942
1,12.2,0.142233,0.107268,0.750498
1,12.3,0.142228,0.106206,0.751566
1,12.4,0.142223,0.105155,0.752622
1,12.5,0.142218,0.104113,0.753669
1,12.6,0.142213,0.103082,0.754705
1,12.7,0.142208,0.102062,0.75573
1,12.8,0.142203,0.101051,0.756746
1,12.9,0.142199,0.10005,0.757751
1,13,0.142194,0.0990593,0.758747
1,13.1,0.142189,0.0980782,0.759733
1,13.2,0.142185,0.0971069,0.760709
1,13.3,0.14218,0.0961452,0.761675
1,13.4,0.142176,0.0951929,0.762631
1,13.5,0.142171,0.0942501,0.763579
1,13.6,0.142167,0.0933166,0.764516
1,13.7,0.142163,0.0923923,0.765445
1,13.8,0.142158,0.0914772,0.766364
